Step: 14441
Timestamp: 1779743469.4689767

Joint Positions (q) [35]:
  +0.1223 +0.0339 +0.0690 +0.1677 -0.2297 -0.0026 -0.0186 -0.0939 -0.3033 +0.2354 -0.1280 +0.0266 +0.0525 -0.0074 +0.0055 +0.0690 +0.3359 -0.7077 +1.0472 +0.2550 +0.1663 -0.0378 +0.0446 -0.2642 +0.6948 +1.1845 -0.2285 +0.2246 -0.0018 +0.0000 +0.0000 +0.0000 +0.0000 +0.0000 +0.0000

Joint Velocities (dq) [35]:
  +0.0980 -0.0149 +0.0561 -0.0659 -0.0513 +0.0151 -0.0109 -0.0186 +0.0623 +0.1001 -0.0316 +0.0383 +0.0481 -0.0544 -0.0039 +0.1281 +0.0363 +0.1014 -0.0432 -0.0833 -0.1084 +0.0570 +0.0174 -0.0088 -0.1111 -0.0233 -0.1069 -0.0498 +0.2241 +0.0000 +0.0000 +0.0000 +0.0000 +0.0000 +0.0000

Joint Torques (tau) [35]:
  -13.0419 -3.8998 +0.7980 -7.1253 +7.7064 -1.3617 +10.5517 +9.9674 -0.5685 +6.9388 +10.1226 +0.9676 +0.0909 -1.8387 +1.3971 +0.0006 +0.9166 +0.2624 +0.9107 -0.2704 +1.0463 -0.4402 -1.2027 -1.9892 -0.2741 -0.3643 -0.0927 +0.0621 -0.1969 +0.0000 +0.0000 +0.0000 +0.0000 +0.0000 +0.0000
