Step: 2677
Timestamp: 1779742159.5925913

Joint Positions (q) [35]:
  +0.0439 +0.0464 +0.1899 +0.1892 -0.2274 +0.0045 +0.0396 -0.0764 -0.3565 +0.1986 -0.1618 +0.0458 +0.0069 +0.0068 +0.0080 -0.0121 +0.3312 -0.7812 +1.0924 +0.2312 +0.2208 -0.0703 +0.0180 -0.2829 +0.7458 +1.1608 -0.2179 +0.2403 -0.0423 +0.0000 +0.0000 +0.0000 +0.0000 +0.0000 +0.0000

Joint Velocities (dq) [35]:
  -0.0212 +0.0430 +0.0563 -0.0039 -0.0240 -0.0330 -0.0488 +0.0502 +0.0571 -0.0575 +0.2152 -0.0497 -0.0040 +0.0277 -0.0194 -0.0461 -0.0269 +0.0096 +0.0674 +0.1061 -0.0491 -0.0599 -0.0223 +0.0087 -0.0249 +0.0955 +0.0143 -0.0716 +0.0129 +0.0000 +0.0000 +0.0000 +0.0000 +0.0000 +0.0000

Joint Torques (tau) [35]:
  +0.2000 +8.6432 -2.9713 +1.2621 +17.0713 -0.2154 +1.4378 -0.7365 +0.0560 +7.3980 +16.2667 -0.0320 -0.3274 +0.5501 -3.3032 -2.1536 +0.9199 +0.7845 -1.3014 -0.1125 -0.2341 +0.1969 -1.1552 -0.9514 -0.3777 -0.6479 +0.0128 -0.0940 -0.1380 +0.0000 +0.0000 +0.0000 +0.0000 +0.0000 +0.0000
