Step: 4929
Timestamp: 1779742410.3632228

Joint Positions (q) [35]:
  +0.0647 +0.0497 +0.1538 +0.1754 -0.2216 -0.0022 -0.0571 -0.0721 -0.3642 +0.1937 -0.0742 +0.0298 +0.0038 -0.0026 +0.0091 -0.0305 +0.3111 -0.7399 +1.1215 +0.2129 +0.1834 -0.0411 +0.0057 -0.2808 +0.7414 +1.1783 -0.1968 +0.2176 -0.0234 +0.0000 +0.0000 +0.0000 +0.0000 +0.0000 +0.0000

Joint Velocities (dq) [35]:
  +0.0324 -0.0079 +0.0282 +0.0098 -0.0641 +0.0208 +0.0131 -0.0131 -0.0072 +0.0224 -0.0705 +0.0312 +0.0843 -0.0198 -0.0119 +0.1050 -0.0148 +0.1061 -0.0096 +0.2524 +0.0988 -0.0001 +0.0934 +0.0174 -0.1718 -0.0948 -0.2047 +0.0636 +0.0517 +0.0000 +0.0000 +0.0000 +0.0000 +0.0000 +0.0000

Joint Torques (tau) [35]:
  -7.2015 +5.2514 -2.5057 -7.0143 +3.7556 -0.2423 +10.1776 +2.1017 +0.4060 +11.1384 +15.9777 +0.0221 +0.5591 +0.5181 -2.9215 -0.8034 +1.2015 +0.1870 -0.6251 +0.0514 -0.0938 +0.0650 -1.0688 -1.4047 -0.2759 -0.5589 +0.0258 -0.0425 -0.0635 +0.0000 +0.0000 +0.0000 +0.0000 +0.0000 +0.0000
