Step: 8799
Timestamp: 1779742840.9903293

Joint Positions (q) [35]:
  +0.1062 +0.0170 +0.1262 +0.1942 -0.2673 +0.0279 +0.0263 -0.0759 -0.2554 +0.2584 -0.1795 +0.0443 +0.0300 -0.0347 +0.0080 +0.0425 +0.3154 -0.6785 +1.1413 +0.2117 +0.1873 -0.0480 +0.0022 -0.2753 +0.6872 +1.1977 -0.2511 +0.1676 -0.0201 +0.0000 +0.0000 +0.0000 +0.0000 +0.0000 +0.0000

Joint Velocities (dq) [35]:
  +0.0687 +0.0426 -0.1672 +0.0837 -0.0603 -0.0640 +0.2833 +0.0565 -0.0965 -0.2853 -0.0142 +0.0452 -0.1462 +0.1016 -0.0045 +0.1030 -0.0489 +0.0349 -0.1041 +0.0856 +0.1053 -0.0195 +0.1728 +0.1932 -0.0317 +0.1557 -0.1129 +0.0421 +0.0930 +0.0000 +0.0000 +0.0000 +0.0000 +0.0000 +0.0000

Joint Torques (tau) [35]:
  -2.9689 +6.9873 -1.3259 +2.6807 +24.6359 -1.3904 +4.1600 +4.1551 -0.9193 +7.1845 +14.8610 -0.0441 -0.3272 +2.7238 -1.8729 -1.2573 +1.5501 +0.4009 -0.7484 +0.0167 -0.0966 +0.1174 -0.6940 -1.7135 -0.3407 -0.2435 +0.0400 +0.0432 -0.0340 +0.0000 +0.0000 +0.0000 +0.0000 +0.0000 +0.0000
