Step: 9158
Timestamp: 1779742880.5374

Joint Positions (q) [35]:
  +0.0493 +0.0217 +0.1404 +0.1833 -0.2091 +0.0126 +0.0364 -0.0662 -0.3571 +0.1988 -0.1686 +0.0405 +0.0214 +0.0065 +0.0064 +0.0398 +0.3201 -0.6905 +1.0674 +0.2660 +0.2204 -0.0363 +0.0325 -0.2886 +0.6871 +1.1394 -0.2633 +0.2361 -0.0364 +0.0000 +0.0000 +0.0000 +0.0000 +0.0000 +0.0000

Joint Velocities (dq) [35]:
  -0.1637 +0.0292 +0.0021 +0.0752 -0.0248 -0.0313 -0.1361 +0.0254 -0.0228 -0.0560 +0.0309 -0.0748 -0.0680 +0.0309 +0.0308 -0.0487 +0.0530 -0.1619 -0.0359 -0.1344 +0.0046 -0.0012 -0.0424 -0.0524 +0.1014 -0.1082 +0.0407 +0.0541 -0.0155 +0.0000 +0.0000 +0.0000 +0.0000 +0.0000 +0.0000

Joint Torques (tau) [35]:
  -4.2941 +9.0206 -3.0196 -3.4439 +9.7031 -0.0832 +5.2012 -2.0073 +0.3384 +9.3423 +17.2373 -0.0334 -0.2831 +0.6281 -2.0145 -1.7551 +1.2641 +0.5361 -1.0147 -0.1596 -0.1643 +0.1345 -1.3079 -0.9833 -0.3091 -0.8328 +0.0849 -0.1316 -0.1385 +0.0000 +0.0000 +0.0000 +0.0000 +0.0000 +0.0000
