Step: 11565
Timestamp: 1779743149.1158347

Joint Positions (q) [35]:
  +0.1347 +0.0366 +0.2202 +0.2076 -0.3078 -0.0147 -0.0861 -0.0857 -0.3136 +0.3368 -0.1961 +0.0180 +0.0271 -0.0151 +0.0119 +0.0193 +0.3030 -0.6896 +1.1377 +0.2808 +0.2055 -0.0602 -0.0173 -0.2705 +0.7369 +1.2049 -0.2682 +0.1823 +0.0200 +0.0000 +0.0000 +0.0000 +0.0000 +0.0000 +0.0000

Joint Velocities (dq) [35]:
  +0.0198 +0.0174 -0.0602 -0.2124 +0.1941 +0.0306 +0.1017 +0.0653 -0.1056 -0.3273 +0.2484 -0.0145 -0.1903 +0.0387 -0.0830 -0.0004 +0.0506 +0.0090 -0.1748 +0.2220 +0.0606 +0.1013 +0.0047 +0.0221 -0.1647 -0.0564 -0.3428 -0.0268 -0.0928 +0.0000 +0.0000 +0.0000 +0.0000 +0.0000 +0.0000

Joint Torques (tau) [35]:
  -7.0205 +9.9311 -2.7431 +1.3192 +26.0306 +0.0399 +10.6045 +0.0605 +2.0581 +7.2840 +19.1931 -0.3089 -0.1339 +0.8855 -2.9589 -0.7599 +0.8454 +0.2333 -0.8478 -0.0729 -0.1253 +0.0594 -1.6953 -1.1771 -0.6199 -0.8823 +0.0280 -0.1620 -0.2072 +0.0000 +0.0000 +0.0000 +0.0000 +0.0000 +0.0000
