Step: 9493
Timestamp: 1779742917.807919

Joint Positions (q) [35]:
  +0.0132 +0.0099 +0.1163 +0.2276 -0.2022 +0.0098 +0.0842 -0.0634 -0.3533 +0.1841 -0.2080 +0.0125 +0.0203 +0.0131 +0.0060 +0.0162 +0.3125 -0.7171 +1.0975 +0.2621 +0.2207 -0.1358 -0.0021 -0.2716 +0.6788 +1.2088 -0.2842 +0.2171 -0.0537 +0.0000 +0.0000 +0.0000 +0.0000 +0.0000 +0.0000

Joint Velocities (dq) [35]:
  +0.0691 -0.0180 -0.0005 -0.0639 -0.0686 -0.0220 +0.0285 -0.0182 -0.0056 +0.0022 +0.0220 +0.0362 -0.0444 -0.0105 +0.0032 +0.0903 +0.0163 +0.2059 -0.1495 +0.2445 +0.0422 -0.1253 -0.0383 +0.0869 -0.1792 +0.0840 -0.2661 +0.0300 +0.1063 +0.0000 +0.0000 +0.0000 +0.0000 +0.0000 +0.0000

Joint Torques (tau) [35]:
  +3.7553 +10.7931 -5.8300 +0.9807 +13.1825 +0.2664 -4.0216 -7.6210 +2.0265 +1.8218 +13.1292 +0.2957 -0.1652 -0.0984 -1.8219 -1.5214 +1.0821 +0.3432 -0.8605 -0.0646 -0.1269 -0.0103 -1.2972 -0.7612 -0.2081 -0.6337 +0.0417 -0.0606 -0.0780 +0.0000 +0.0000 +0.0000 +0.0000 +0.0000 +0.0000
