Step: 13063
Timestamp: 1779743316.2742438

Joint Positions (q) [35]:
  +0.0489 +0.0490 +0.1447 +0.1930 -0.2203 -0.0094 -0.0181 -0.0732 -0.3380 +0.2269 -0.1753 +0.0112 +0.0122 +0.0113 +0.0068 +0.0013 +0.3312 -0.7640 +1.1015 +0.2081 +0.1958 -0.0480 -0.0006 -0.3046 +0.7725 +1.1494 -0.2257 +0.1983 -0.0804 +0.0000 +0.0000 +0.0000 +0.0000 +0.0000 +0.0000

Joint Velocities (dq) [35]:
  -0.0397 -0.0139 -0.1133 +0.0178 -0.0345 +0.0083 +0.0228 -0.0225 -0.1177 -0.0082 +0.0215 +0.0009 -0.0608 -0.0707 +0.0065 -0.0445 +0.0463 -0.0160 +0.0378 -0.0284 -0.0388 -0.0156 -0.0618 +0.0487 +0.0723 +0.0528 +0.0712 +0.0412 +0.0956 +0.0000 +0.0000 +0.0000 +0.0000 +0.0000 +0.0000

Joint Torques (tau) [35]:
  -3.8321 +3.4787 -1.5086 -2.5402 +10.3163 -0.5199 +5.0549 +0.5025 +0.4525 +5.7595 +17.8693 +0.5205 -0.1243 +0.5807 -2.5992 -2.2076 +1.5240 +0.5997 -1.0962 -0.0445 -0.1906 +0.3217 -1.0840 -0.7168 -0.2399 -0.6186 +0.1697 -0.0269 +0.1344 +0.0000 +0.0000 +0.0000 +0.0000 +0.0000 +0.0000
