Step: 8301
Timestamp: 1779742785.7029917

Joint Positions (q) [35]:
  +0.0364 +0.0120 +0.1622 +0.2274 -0.1988 +0.0078 +0.1396 -0.0934 -0.3594 +0.2118 -0.2324 +0.0721 +0.0421 -0.0123 +0.0093 +0.0834 +0.3225 -0.6452 +1.1075 +0.1641 +0.1757 -0.0885 +0.0803 -0.3096 +0.6740 +1.1455 -0.1414 +0.1920 +0.0106 +0.0000 +0.0000 +0.0000 +0.0000 +0.0000 +0.0000

Joint Velocities (dq) [35]:
  +0.0850 -0.0174 +0.0314 -0.1726 +0.0598 +0.0120 -0.0342 -0.0072 +0.1113 +0.0253 +0.0747 -0.0157 +0.1246 -0.0701 -0.0229 +0.0263 +0.0947 +0.0324 -0.0087 -0.1334 +0.0762 -0.0630 -0.0262 -0.1544 -0.0265 -0.3069 -0.0330 -0.1072 +0.0282 +0.0000 +0.0000 +0.0000 +0.0000 +0.0000 +0.0000

Joint Torques (tau) [35]:
  -0.7725 +7.1703 -3.7133 -4.2363 +8.8163 -0.1226 -1.6115 -0.4257 +0.6471 +4.9424 +16.6104 +0.2087 -0.3982 +0.7921 -0.5333 -1.7108 +1.8539 +0.5908 -0.9041 +0.2055 -0.1135 +0.1959 -1.1127 -1.7826 -0.3977 -0.3539 -0.2466 -0.0585 -0.1626 +0.0000 +0.0000 +0.0000 +0.0000 +0.0000 +0.0000
