Step: 1576
Timestamp: 1779742037.2233183

Joint Positions (q) [35]:
  +0.0855 +0.0079 +0.2383 +0.2019 -0.2628 +0.0044 -0.1351 -0.1538 -0.2154 +0.4709 -0.2461 +0.0573 +0.0326 -0.0856 +0.0071 +0.0206 +0.2878 -0.6776 +1.2079 +0.3321 +0.1562 +0.0325 +0.0097 -0.2714 +0.6678 +1.1582 -0.2863 +0.1293 -0.0925 +0.0000 +0.0000 +0.0000 +0.0000 +0.0000 +0.0000

Joint Velocities (dq) [35]:
  +0.0934 +0.2591 -0.0390 +0.3350 -0.3300 -0.0270 +0.3828 +0.2228 -0.1717 -0.2956 +0.2593 -0.0511 +0.1162 +0.2837 -0.1021 +0.1810 -0.1969 -0.2609 +0.0989 -0.4305 -0.0521 -0.1867 +0.0773 -0.2546 +0.3929 -0.1599 +0.2392 -0.0288 +0.2023 +0.0000 +0.0000 +0.0000 +0.0000 +0.0000 +0.0000

Joint Torques (tau) [35]:
  -7.5003 +2.8559 -0.7827 -0.6057 +21.4697 -0.9338 +7.7361 +7.2571 -1.5051 +4.5860 +17.2313 -0.0370 +1.0189 +4.0953 -1.4934 -1.6092 +1.5554 +0.3880 -0.7692 -0.0802 -0.1072 +0.1364 -2.1396 -1.5069 -0.4421 -0.8430 +0.2109 -0.1970 -0.1103 +0.0000 +0.0000 +0.0000 +0.0000 +0.0000 +0.0000
