Step: 3184
Timestamp: 1779742215.9733942

Joint Positions (q) [35]:
  +0.0033 +0.0460 +0.2041 +0.2105 -0.1925 -0.0087 +0.0306 -0.0744 -0.3549 +0.2076 -0.2028 +0.0259 +0.0158 +0.0035 +0.0057 -0.0031 +0.3231 -0.7388 +1.0926 +0.2731 +0.2074 -0.0425 +0.0233 -0.2827 +0.7196 +1.1521 -0.2550 +0.2290 -0.0672 +0.0000 +0.0000 +0.0000 +0.0000 +0.0000 +0.0000

Joint Velocities (dq) [35]:
  -0.0939 +0.0654 -0.0166 +0.1651 -0.1066 -0.0177 +0.0356 +0.0717 -0.0217 -0.1326 +0.1367 -0.0794 +0.0374 +0.0155 +0.0089 +0.0491 +0.0231 +0.2125 -0.0979 +0.1086 +0.0047 -0.0477 -0.0073 +0.0801 -0.0097 +0.0938 -0.0895 +0.0536 -0.1135 +0.0000 +0.0000 +0.0000 +0.0000 +0.0000 +0.0000

Joint Torques (tau) [35]:
  +1.1531 +4.0047 -2.2833 +0.2946 +8.5539 +0.0638 -0.3370 -3.0822 +0.4882 +3.3522 +15.1334 +0.9581 +0.0492 -0.6952 -2.7677 -1.7923 +0.4548 +0.6138 -1.3092 -0.3186 -0.3141 +0.2535 -1.2684 -0.4301 -0.3070 -0.9935 +0.2385 -0.2507 -0.2154 +0.0000 +0.0000 +0.0000 +0.0000 +0.0000 +0.0000
