Step: 14921
Timestamp: 1779743523.4848025

Joint Positions (q) [35]:
  +0.0587 +0.0215 +0.0862 +0.1784 -0.2298 +0.0329 +0.0051 -0.0744 -0.3253 +0.1950 -0.1209 +0.0366 +0.0216 +0.0178 +0.0083 +0.0090 +0.3040 -0.7494 +1.1004 +0.2849 +0.2142 -0.0878 +0.0114 -0.2848 +0.7389 +1.1708 -0.2524 +0.2226 -0.0310 +0.0000 +0.0000 +0.0000 +0.0000 +0.0000 +0.0000

Joint Velocities (dq) [35]:
  -0.0142 +0.0063 -0.0548 +0.0291 -0.0484 +0.0042 +0.0176 -0.0011 -0.1334 -0.0311 -0.0758 -0.0011 -0.0293 +0.0058 +0.0070 -0.0069 +0.0394 -0.0100 -0.0775 +0.0452 +0.0249 -0.0666 -0.0297 -0.0093 +0.0498 -0.0168 +0.0418 +0.0570 +0.0550 +0.0000 +0.0000 +0.0000 +0.0000 +0.0000 +0.0000

Joint Torques (tau) [35]:
  -4.6895 +8.3456 -1.1533 -1.9230 +14.2872 -1.0392 +7.1374 +2.1721 -0.6439 +9.7072 +15.4172 +0.0861 -0.3722 +0.5237 -2.9691 -2.0308 +1.2540 +0.5018 -1.0797 -0.0308 -0.2058 +0.1999 -1.0510 -0.9062 -0.2582 -0.6948 +0.1630 -0.0780 +0.0543 +0.0000 +0.0000 +0.0000 +0.0000 +0.0000 +0.0000
