Step: 14668
Timestamp: 1779743495.0692344

Joint Positions (q) [35]:
  +0.0784 +0.0298 +0.0829 +0.1798 -0.2355 +0.0279 +0.0029 -0.0738 -0.3277 +0.1944 -0.1006 +0.0406 +0.0270 +0.0143 +0.0148 +0.0222 +0.3056 -0.7045 +1.1063 +0.2587 +0.2104 -0.0763 +0.0018 -0.2671 +0.7092 +1.2055 -0.2884 +0.2136 +0.0184 +0.0000 +0.0000 +0.0000 +0.0000 +0.0000 +0.0000

Joint Velocities (dq) [35]:
  +0.0620 +0.0133 +0.0462 -0.0621 -0.0569 +0.0231 -0.0109 +0.0185 +0.0476 -0.0133 -0.0510 -0.0284 +0.0330 +0.0718 +0.0182 -0.0588 -0.0449 -0.1706 +0.1666 -0.2804 -0.0349 +0.0777 -0.0699 +0.0113 +0.0646 +0.1721 +0.1747 +0.0230 -0.0153 +0.0000 +0.0000 +0.0000 +0.0000 +0.0000 +0.0000

Joint Torques (tau) [35]:
  -8.3190 +5.3588 -0.7482 -5.1832 +11.6961 -1.3812 +12.3554 +5.9852 -0.0562 +13.1253 +15.3720 +0.2108 -0.4471 +0.1130 -3.8049 -1.5387 +1.7313 +0.5528 -0.6964 -0.2517 -0.0848 +0.0994 -1.0428 -1.6765 -0.3872 -0.5465 +0.1811 -0.0381 -0.1802 +0.0000 +0.0000 +0.0000 +0.0000 +0.0000 +0.0000
