Step: 9156
Timestamp: 1779742880.2972734

Joint Positions (q) [35]:
  +0.0594 +0.0202 +0.1340 +0.1787 -0.2099 +0.0136 +0.0464 -0.0673 -0.3599 +0.1975 -0.1678 +0.0446 +0.0189 +0.0062 +0.0061 +0.0424 +0.3163 -0.6829 +1.0739 +0.2719 +0.2170 -0.0370 +0.0313 -0.2858 +0.6804 +1.1476 -0.2662 +0.2313 -0.0340 +0.0000 +0.0000 +0.0000 +0.0000 +0.0000 +0.0000

Joint Velocities (dq) [35]:
  -0.0625 +0.0327 +0.0461 +0.0142 -0.0215 -0.0339 -0.1084 +0.0264 +0.0523 -0.0133 +0.0075 -0.0049 +0.0220 +0.0307 -0.0392 -0.0123 +0.0318 -0.1145 -0.0497 -0.0641 +0.0202 +0.0158 +0.0212 -0.0378 +0.0833 -0.0659 +0.0368 +0.0339 -0.0093 +0.0000 +0.0000 +0.0000 +0.0000 +0.0000 +0.0000

Joint Torques (tau) [35]:
  -3.8893 +8.7639 -2.4791 -2.8080 +10.4414 -0.1778 +4.5962 -1.3955 +0.2691 +9.2974 +17.1833 -0.1811 -0.2039 +0.3974 -1.8307 -1.6274 +1.2107 +0.4865 -0.9660 -0.1181 -0.1415 +0.1642 -1.1600 -1.1004 -0.3344 -0.7136 +0.1055 -0.0840 -0.1475 +0.0000 +0.0000 +0.0000 +0.0000 +0.0000 +0.0000
