Step: 11298
Timestamp: 1779743119.172817

Joint Positions (q) [35]:
  +0.1526 +0.0536 +0.2045 +0.1774 -0.2797 -0.0202 -0.0427 -0.0592 -0.3386 +0.2660 -0.1597 -0.0012 +0.0032 +0.0134 +0.0069 +0.0524 +0.3032 -0.6287 +1.1360 +0.2547 +0.1913 -0.0477 +0.0855 -0.2927 +0.6485 +1.1613 -0.1927 +0.1778 +0.0357 +0.0000 +0.0000 +0.0000 +0.0000 +0.0000 +0.0000

Joint Velocities (dq) [35]:
  +0.2511 +0.0598 +0.0146 -0.0586 -0.0353 -0.0691 +0.3551 +0.1082 -0.0170 -0.2897 -0.0070 +0.0474 +0.1497 -0.1104 -0.0298 +0.2648 +0.1247 +0.4295 -0.1015 -0.0171 -0.0341 -0.0673 +0.0954 +0.0129 +0.0184 +0.2298 +0.2202 +0.0089 -0.0188 +0.0000 +0.0000 +0.0000 +0.0000 +0.0000 +0.0000

Joint Torques (tau) [35]:
  -7.5222 +5.5204 -2.7047 -1.2785 +17.3401 -0.5596 +8.7856 +2.0609 +0.8991 +7.7443 +20.2341 -0.2117 +0.4779 -0.1482 -0.8059 -0.9076 +1.8185 +0.2486 -0.4369 +0.0228 +0.0111 +0.0865 -0.9889 -1.3369 -0.1826 -0.4521 +0.0489 +0.0248 -0.0324 +0.0000 +0.0000 +0.0000 +0.0000 +0.0000 +0.0000
