Step: 11443
Timestamp: 1779743135.2697906

Joint Positions (q) [35]:
  +0.1135 +0.0693 +0.1909 +0.1787 -0.2735 -0.0320 -0.0655 -0.0429 -0.3540 +0.2455 -0.1559 -0.0149 +0.0101 +0.0284 +0.0064 -0.0063 +0.2985 -0.7421 +1.1140 +0.3067 +0.2139 -0.0872 +0.0119 -0.2718 +0.7484 +1.1731 -0.2825 +0.2331 -0.0199 +0.0000 +0.0000 +0.0000 +0.0000 +0.0000 +0.0000

Joint Velocities (dq) [35]:
  -0.0009 -0.0271 +0.0853 -0.0265 +0.0576 +0.0256 -0.0435 -0.0072 +0.0768 -0.0133 +0.0286 +0.0112 -0.0314 -0.0213 +0.0149 -0.0490 +0.0413 -0.0215 -0.0157 +0.0176 -0.0504 +0.1398 +0.0656 -0.0733 +0.0182 -0.1459 +0.1413 -0.0564 -0.0323 +0.0000 +0.0000 +0.0000 +0.0000 +0.0000 +0.0000

Joint Torques (tau) [35]:
  -5.4074 +1.9647 -2.2438 +0.0631 +14.6843 +0.0811 +7.6998 -1.9728 +1.9085 +7.1534 +22.6934 +0.1605 -0.0426 -0.1022 -2.7204 -1.5524 +1.0805 +0.4938 -0.9450 -0.1255 -0.0945 +0.1457 -0.8109 -0.5618 -0.1899 -0.6476 +0.0922 -0.0628 +0.0164 +0.0000 +0.0000 +0.0000 +0.0000 +0.0000 +0.0000
