Step: 10073
Timestamp: 1779742982.2369359

Joint Positions (q) [35]:
  +0.1199 +0.0566 +0.1436 +0.1703 -0.2821 -0.0073 -0.1452 -0.0546 -0.3471 +0.1859 -0.0209 -0.0138 -0.0084 +0.0080 +0.0122 -0.0251 +0.3101 -0.7570 +1.1214 +0.1855 +0.1983 -0.0432 -0.0026 -0.2793 +0.7754 +1.1745 -0.1997 +0.2138 -0.0433 +0.0000 +0.0000 +0.0000 +0.0000 +0.0000 +0.0000

Joint Velocities (dq) [35]:
  +0.0581 +0.0617 -0.0133 -0.0484 -0.0209 -0.0208 +0.0804 +0.0724 -0.0269 -0.0915 +0.0533 +0.0106 +0.0215 +0.0582 -0.0484 +0.0713 +0.0079 -0.0018 -0.1052 -0.0078 -0.0030 -0.1023 +0.0401 -0.0620 +0.0450 -0.0951 -0.0638 +0.0094 +0.0716 +0.0000 +0.0000 +0.0000 +0.0000 +0.0000 +0.0000

Joint Torques (tau) [35]:
  -25.0617 +0.7757 +1.7208 -12.9987 +10.7545 -0.4976 +30.4773 +8.0214 +1.5655 +21.3796 +21.2321 +0.5910 +0.1634 +1.1563 -3.4665 -1.5317 +1.6504 +0.3388 -0.6238 +0.0589 -0.0206 +0.1429 -1.6460 -1.3032 -0.4156 -0.8137 +0.1169 -0.1273 -0.0938 +0.0000 +0.0000 +0.0000 +0.0000 +0.0000 +0.0000
