Step: 15437
Timestamp: 1779743580.8194957

Joint Positions (q) [35]:
  +0.0445 +0.0325 +0.0544 +0.2158 -0.2371 -0.0037 -0.0811 -0.0767 -0.3260 +0.2545 -0.1358 +0.0007 +0.0062 +0.0042 +0.0129 +0.0198 +0.3303 -0.7263 +1.0799 +0.2480 +0.2076 -0.0831 +0.0253 -0.2766 +0.7215 +1.1626 -0.2412 +0.2088 -0.0222 +0.0000 +0.0000 +0.0000 +0.0000 +0.0000 +0.0000

Joint Velocities (dq) [35]:
  +0.0064 +0.0868 +0.0011 +0.1350 -0.1248 -0.0102 +0.1606 +0.1174 -0.0134 -0.2141 +0.0366 -0.0048 +0.1615 +0.0137 +0.1180 -0.0483 +0.0088 +0.0518 -0.0678 -0.0181 +0.0213 +0.0730 -0.0026 +0.0013 +0.1084 -0.0284 -0.0431 +0.0570 -0.0775 +0.0000 +0.0000 +0.0000 +0.0000 +0.0000 +0.0000

Joint Torques (tau) [35]:
  -8.6629 +0.0763 +2.3994 -6.8032 +5.8383 -0.5013 +8.8970 +1.2738 +0.1545 +3.3998 +12.5922 +0.7538 -0.8460 +1.1829 -2.1568 -2.5377 +0.9016 +0.6299 -1.3706 -0.1542 -0.2939 +0.3126 -1.3407 -0.7785 -0.4233 -0.8510 +0.2004 -0.1549 -0.1514 +0.0000 +0.0000 +0.0000 +0.0000 +0.0000 +0.0000
