Step: 4686
Timestamp: 1779742383.4884725

Joint Positions (q) [35]:
  +0.0789 +0.0615 +0.1417 +0.2150 -0.2612 -0.0244 +0.0142 -0.0634 -0.3159 +0.2377 -0.2066 +0.0145 -0.0117 +0.0302 +0.0061 +0.0017 +0.3165 -0.7071 +1.0982 +0.3113 +0.1843 -0.1212 +0.0632 -0.2983 +0.6733 +1.1285 -0.2536 +0.1881 +0.0078 +0.0000 +0.0000 +0.0000 +0.0000 +0.0000 +0.0000

Joint Velocities (dq) [35]:
  +0.1063 +0.0127 -0.0585 -0.0252 -0.0545 -0.0121 +0.1612 +0.0264 -0.0656 -0.1012 +0.0691 -0.0358 +0.0122 -0.0581 -0.0919 +0.0257 -0.0249 +0.0207 +0.0748 +0.0916 -0.0175 -0.0550 +0.0251 +0.0512 +0.0566 +0.0377 -0.0664 +0.0140 +0.0706 +0.0000 +0.0000 +0.0000 +0.0000 +0.0000 +0.0000

Joint Torques (tau) [35]:
  +0.7505 +1.5292 -1.4729 +3.4710 +19.4206 -0.2696 +0.9715 +0.2585 -0.7522 +5.6136 +22.1998 +0.6244 +0.4968 -0.3049 -2.8753 -1.1819 +1.5571 +0.3853 -0.6807 -0.0722 -0.0401 +0.0756 -1.2418 -1.2318 -0.3048 -0.8408 +0.0551 -0.1386 -0.0818 +0.0000 +0.0000 +0.0000 +0.0000 +0.0000 +0.0000
