Step: 3110
Timestamp: 1779742207.6698365

Joint Positions (q) [35]:
  +0.0508 +0.0448 +0.1957 +0.1859 -0.2103 -0.0042 +0.0745 -0.0663 -0.3233 +0.1752 -0.1762 +0.0533 +0.0232 +0.0070 +0.0077 +0.0212 +0.3356 -0.7333 +1.0851 +0.2062 +0.2043 -0.1288 +0.0063 -0.2825 +0.6981 +1.1904 -0.2562 +0.2029 -0.0693 +0.0000 +0.0000 +0.0000 +0.0000 +0.0000 +0.0000

Joint Velocities (dq) [35]:
  +0.0124 +0.0142 -0.1217 +0.0351 -0.0171 -0.0471 +0.1034 +0.0217 -0.1029 -0.0754 +0.1292 -0.0143 -0.0947 +0.0032 +0.0214 -0.0195 +0.0257 -0.0741 -0.0930 +0.1029 +0.0775 -0.1057 +0.0055 -0.0302 +0.1377 -0.0750 +0.1448 +0.0378 -0.0225 +0.0000 +0.0000 +0.0000 +0.0000 +0.0000 +0.0000

Joint Torques (tau) [35]:
  +2.4860 +5.6759 -4.3676 +1.6074 +13.3180 -0.2148 -0.9459 -0.2094 +0.3296 +7.5445 +17.8719 +0.1880 -0.5476 +0.1776 -2.7278 -1.7999 +1.3808 +0.4161 -0.8937 -0.0763 -0.1415 +0.0441 -1.1236 -1.3153 -0.2599 -0.4536 +0.0741 -0.0087 -0.1017 +0.0000 +0.0000 +0.0000 +0.0000 +0.0000 +0.0000
