Step: 7777
Timestamp: 1779742727.6968634

Joint Positions (q) [35]:
  -0.1234 +0.0027 +0.1653 +0.2932 -0.1534 +0.0145 +0.1305 -0.0807 -0.3828 +0.1971 -0.2959 +0.0087 +0.0274 +0.0140 +0.0052 -0.0274 +0.2823 -0.7032 +1.1556 +0.2227 +0.2078 -0.0152 -0.0018 -0.2901 +0.6728 +1.1912 -0.2755 +0.2048 -0.1272 +0.0000 +0.0000 +0.0000 +0.0000 +0.0000 +0.0000

Joint Velocities (dq) [35]:
  +0.0789 -0.0204 -0.0402 -0.0223 -0.1012 -0.0049 +0.1059 +0.0006 -0.0639 -0.0756 +0.1005 +0.0119 -0.0877 +0.0363 -0.0464 +0.0443 +0.0728 -0.1179 -0.0926 -0.2177 -0.0028 -0.0585 +0.0174 -0.0465 +0.0111 -0.0906 -0.1269 -0.0378 +0.0838 +0.0000 +0.0000 +0.0000 +0.0000 +0.0000 +0.0000

Joint Torques (tau) [35]:
  +13.7562 +4.6385 -3.8818 +6.9566 +15.5966 +0.7178 -12.5737 -6.0780 -0.8812 -0.6611 +18.9236 +1.9400 -0.0455 -0.8151 -3.1722 -1.3149 +2.2360 +0.3519 -0.8397 +0.1038 +0.0286 +0.1704 -1.0161 -0.8470 -0.1730 -0.9884 +0.0574 -0.1266 -0.1106 +0.0000 +0.0000 +0.0000 +0.0000 +0.0000 +0.0000
