Step: 7741
Timestamp: 1779742723.7503479

Joint Positions (q) [35]:
  -0.0753 -0.0129 +0.1632 +0.2428 -0.1394 +0.0384 +0.1558 -0.0907 -0.3718 +0.1883 -0.2423 +0.0557 +0.0273 -0.0090 +0.0030 +0.0156 +0.2966 -0.6690 +1.1060 +0.3169 +0.2211 -0.0007 +0.0411 -0.2685 +0.6695 +1.1575 -0.3003 +0.2353 -0.0646 +0.0000 +0.0000 +0.0000 +0.0000 +0.0000 +0.0000

Joint Velocities (dq) [35]:
  -0.2066 +0.0456 +0.0014 +0.0988 -0.0299 -0.0450 -0.2027 +0.0092 -0.1016 +0.0642 +0.0502 -0.1107 +0.0198 +0.1148 -0.0867 -0.0231 +0.0499 -0.2516 -0.1209 -0.1417 +0.0250 -0.0649 +0.0321 -0.1191 +0.1874 -0.1554 +0.1440 +0.0874 +0.0252 +0.0000 +0.0000 +0.0000 +0.0000 +0.0000 +0.0000

Joint Torques (tau) [35]:
  +5.1688 +5.3818 -3.2488 -0.5951 +6.8285 -0.0322 -6.5481 +2.2132 -1.0703 +5.6434 +18.4188 +1.4751 +0.0373 +0.0605 -1.7528 -1.9207 +1.1520 +0.5321 -1.2213 -0.2645 -0.2449 -0.0100 -1.4658 -0.9875 -0.3787 -0.8486 +0.1664 -0.0907 -0.2203 +0.0000 +0.0000 +0.0000 +0.0000 +0.0000 +0.0000
