Step: 3308
Timestamp: 1779742229.849897

Joint Positions (q) [35]:
  -0.0056 +0.0480 +0.2154 +0.2264 -0.1979 -0.0037 +0.0312 -0.0713 -0.3417 +0.2104 -0.1998 +0.0311 +0.0261 +0.0097 +0.0083 -0.0129 +0.2930 -0.6858 +1.1443 +0.2785 +0.2174 +0.0079 +0.0159 -0.2652 +0.6900 +1.1899 -0.2840 +0.2242 -0.0928 +0.0000 +0.0000 +0.0000 +0.0000 +0.0000 +0.0000

Joint Velocities (dq) [35]:
  +0.0253 +0.0418 +0.0434 +0.0371 -0.0877 -0.0197 -0.0340 +0.0134 +0.0500 +0.0846 +0.1321 +0.0713 -0.0007 +0.1301 -0.0993 -0.0201 -0.1080 -0.1262 +0.0946 -0.0200 +0.0335 +0.1481 -0.0429 -0.0374 +0.0562 +0.1664 +0.0839 -0.1008 -0.0358 +0.0000 +0.0000 +0.0000 +0.0000 +0.0000 +0.0000

Joint Torques (tau) [35]:
  +1.4911 +6.6176 -4.1863 -1.7281 +10.0416 -0.0326 -0.2789 -1.4741 +1.1625 +4.7553 +15.5851 +0.1108 -0.1639 +0.9748 -3.1816 -2.0095 +0.3567 +0.5017 -1.3867 -0.2387 -0.3315 +0.1401 -1.3738 -0.7144 -0.2768 -0.8701 +0.0411 -0.1588 -0.2367 +0.0000 +0.0000 +0.0000 +0.0000 +0.0000 +0.0000
