Step: 11230
Timestamp: 1779743111.6752894

Joint Positions (q) [35]:
  +0.0977 +0.0613 +0.2172 +0.1959 -0.2850 -0.0249 -0.0911 -0.0491 -0.3268 +0.2547 -0.1470 -0.0063 -0.0064 +0.0310 +0.0094 -0.0063 +0.2819 -0.6835 +1.1344 +0.2342 +0.1958 -0.0070 +0.0180 -0.2772 +0.6870 +1.1763 -0.2896 +0.1933 -0.0429 +0.0000 +0.0000 +0.0000 +0.0000 +0.0000 +0.0000

Joint Velocities (dq) [35]:
  -0.0925 -0.0527 -0.0228 +0.1324 +0.0216 +0.0035 -0.1830 -0.1288 -0.0103 +0.3783 -0.2435 -0.0213 -0.0475 -0.0366 +0.0548 +0.0729 -0.0179 +0.0954 -0.0486 -0.0909 +0.0463 -0.0235 -0.0071 -0.0022 -0.1091 -0.0827 -0.0605 +0.0317 -0.0009 +0.0000 +0.0000 +0.0000 +0.0000 +0.0000 +0.0000

Joint Torques (tau) [35]:
  -8.3470 +4.2891 -1.6393 +0.2242 +20.9924 +0.2392 +13.4541 -0.3956 +2.9046 +10.6568 +23.3009 -0.4074 +0.2044 +0.0218 -3.9568 -1.1367 +1.8560 +0.3140 -0.4959 +0.0773 +0.0280 +0.1683 -1.2369 -1.1933 -0.3644 -0.7537 +0.0942 -0.0954 -0.2188 +0.0000 +0.0000 +0.0000 +0.0000 +0.0000 +0.0000
