Step: 10954
Timestamp: 1779743080.8793592

Joint Positions (q) [35]:
  +0.1227 +0.0772 +0.1778 +0.1836 -0.2718 -0.0396 -0.0515 -0.0239 -0.2534 +0.2415 -0.1562 -0.0079 +0.0026 +0.0159 +0.0038 +0.0269 +0.3098 -0.6946 +1.1019 +0.2813 +0.2112 -0.0627 +0.0463 -0.2742 +0.6993 +1.1514 -0.2917 +0.2057 +0.0548 +0.0000 +0.0000 +0.0000 +0.0000 +0.0000 +0.0000

Joint Velocities (dq) [35]:
  -0.0647 -0.0111 +0.0025 +0.0508 -0.0626 +0.0229 -0.0290 -0.0101 +0.0017 -0.0281 -0.0309 +0.0163 -0.0405 +0.0471 +0.0405 -0.0464 +0.0264 -0.1504 +0.0010 -0.1896 +0.0098 +0.0747 -0.1232 -0.0207 +0.1765 +0.0393 +0.0401 +0.0449 -0.1329 +0.0000 +0.0000 +0.0000 +0.0000 +0.0000 +0.0000

Joint Torques (tau) [35]:
  -3.3232 -0.3540 -1.7514 -0.2874 +12.8093 -0.0493 +3.7063 +0.3044 -1.3059 +6.0817 +22.1146 +0.2054 +0.1576 +0.6022 -1.8802 -1.6517 +1.2808 +0.5130 -0.9421 -0.1123 -0.1072 +0.1232 -1.3680 -1.2002 -0.3729 -0.7399 +0.0690 -0.0650 -0.1201 +0.0000 +0.0000 +0.0000 +0.0000 +0.0000 +0.0000
