Step: 1294
Timestamp: 1779742005.8952487

Joint Positions (q) [35]:
  +0.0361 +0.0735 +0.1753 +0.2040 -0.2168 -0.0314 -0.0602 -0.0793 -0.3310 +0.2355 -0.1394 +0.0164 +0.0093 +0.0501 +0.0084 -0.0200 +0.2875 -0.7100 +1.1326 +0.2029 +0.1759 -0.0379 +0.0006 -0.3112 +0.6820 +1.1674 -0.2694 +0.1991 -0.0026 +0.0000 +0.0000 +0.0000 +0.0000 +0.0000 +0.0000

Joint Velocities (dq) [35]:
  +0.0672 -0.0721 -0.0566 -0.2147 +0.1263 -0.0207 -0.0008 -0.0687 -0.0815 -0.0015 +0.1115 +0.0050 +0.0515 -0.0566 +0.0252 +0.0567 +0.1637 -0.2114 -0.1548 +0.2049 -0.0111 -0.1933 -0.0492 +0.0473 +0.1400 +0.1114 +0.1136 +0.0112 +0.0469 +0.0000 +0.0000 +0.0000 +0.0000 +0.0000 +0.0000

Joint Torques (tau) [35]:
  -3.1422 -6.5867 -1.7011 -4.0084 +5.0578 -0.9291 +4.3517 +6.9637 -1.6514 +4.1814 +13.0978 +1.0534 +0.0718 -1.6971 -2.2466 -1.2158 +2.2812 +0.3083 -0.3907 +0.0745 +0.0921 +0.0557 -1.3173 -1.6719 -0.2163 -0.4412 -0.0907 +0.0382 -0.1801 +0.0000 +0.0000 +0.0000 +0.0000 +0.0000 +0.0000
