Step: 12722
Timestamp: 1779743278.315662

Joint Positions (q) [35]:
  +0.0466 +0.0523 +0.1672 +0.1933 -0.2179 -0.0057 -0.0278 -0.0671 -0.3162 +0.2194 -0.1606 +0.0082 +0.0131 +0.0418 +0.0117 -0.0043 +0.2753 -0.7097 +1.1452 +0.3185 +0.1991 -0.0371 -0.0060 -0.2823 +0.7032 +1.2059 -0.2899 +0.1911 -0.0590 +0.0000 +0.0000 +0.0000 +0.0000 +0.0000 +0.0000

Joint Velocities (dq) [35]:
  +0.1681 +0.0003 -0.0305 +0.0225 -0.1550 +0.0352 +0.2046 +0.0049 -0.0276 -0.0241 -0.1625 +0.0549 +0.1026 -0.0267 -0.0120 -0.0036 -0.0643 -0.0656 +0.0617 +0.1433 -0.0253 -0.1201 -0.1379 +0.1187 +0.3092 +0.2913 +0.0500 +0.0769 +0.0245 +0.0000 +0.0000 +0.0000 +0.0000 +0.0000 +0.0000

Joint Torques (tau) [35]:
  -0.7439 +4.7164 -1.5242 +0.5118 +13.6309 -0.6683 +3.3657 -0.3074 +0.5251 +4.2139 +16.6687 +0.2733 -0.0916 -0.4418 -3.9153 -1.7386 +1.6938 +0.4526 -0.7129 +0.0539 -0.0911 +0.3579 -1.4004 -0.6210 -0.3602 -0.8862 +0.2068 -0.1901 -0.0161 +0.0000 +0.0000 +0.0000 +0.0000 +0.0000 +0.0000
