Step: 8267
Timestamp: 1779742781.946873

Joint Positions (q) [35]:
  -0.0965 +0.0333 +0.1541 +0.2677 -0.1664 -0.0018 +0.0070 -0.0814 -0.3669 +0.2511 -0.2408 +0.0135 +0.0024 +0.1061 +0.0076 -0.0055 +0.3369 -0.6761 +1.0878 +0.2035 +0.1306 -0.1111 +0.0440 -0.3383 +0.6373 +1.1846 -0.1902 +0.1696 -0.0269 +0.0000 +0.0000 +0.0000 +0.0000 +0.0000 +0.0000

Joint Velocities (dq) [35]:
  +0.1147 -0.0107 -0.0063 -0.0900 -0.0989 -0.0203 +0.1433 +0.0244 -0.0222 -0.1804 +0.1232 +0.0352 -0.0641 -0.1809 -0.0944 +0.0587 -0.1239 +0.0343 -0.0974 +0.1880 -0.0607 +0.0677 -0.0514 -0.0113 -0.1250 -0.1683 +0.2172 -0.0718 -0.0266 +0.0000 +0.0000 +0.0000 +0.0000 +0.0000 +0.0000

Joint Torques (tau) [35]:
  +4.6191 +5.5822 -2.4561 +2.7904 +10.9638 +0.2143 -3.0324 -11.1395 +2.9221 -3.2827 +11.5227 +0.4222 -0.3486 -3.2898 -3.3028 -1.5283 +2.6931 +0.5322 -0.3463 +0.0537 +0.0334 +0.1637 -1.0281 -0.8479 -0.1431 -0.6330 -0.0680 -0.0952 -0.1347 +0.0000 +0.0000 +0.0000 +0.0000 +0.0000 +0.0000
