Step: 13809
Timestamp: 1779743399.4981556

Joint Positions (q) [35]:
  -0.0137 +0.0227 +0.1011 +0.2419 -0.1955 -0.0085 +0.0988 -0.1039 -0.3847 +0.2000 -0.2417 +0.0534 +0.0335 +0.0073 +0.0062 +0.0184 +0.3142 -0.6915 +1.0971 +0.2871 +0.1904 -0.1222 +0.0545 -0.2857 +0.6699 +1.1627 -0.2252 +0.2188 -0.0089 +0.0000 +0.0000 +0.0000 +0.0000 +0.0000 +0.0000

Joint Velocities (dq) [35]:
  +0.2057 -0.1130 +0.1478 -0.0320 -0.2062 +0.1543 +0.0862 -0.1428 +0.1388 +0.0755 -0.0553 +0.1899 +0.1172 -0.1529 -0.1625 +0.1570 +0.0032 +0.0829 +0.0692 -0.1023 -0.0125 +0.1359 +0.1772 -0.0582 -0.0140 -0.1461 +0.2526 -0.0304 +0.0980 +0.0000 +0.0000 +0.0000 +0.0000 +0.0000 +0.0000

Joint Torques (tau) [35]:
  +4.1580 -2.2932 +0.0369 +2.1269 +9.7355 -0.0984 -3.2906 -3.2615 +1.5279 +1.5147 +13.6725 +0.8444 -0.6816 -1.5802 -2.6518 -1.7588 +0.9888 +0.0502 -0.6922 -0.1321 -0.1193 +0.1524 -1.8021 -1.3935 -0.3360 -0.9775 -0.1394 -0.1002 -0.1703 +0.0000 +0.0000 +0.0000 +0.0000 +0.0000 +0.0000
