Step: 9999
Timestamp: 1779742974.0992322

Joint Positions (q) [35]:
  +0.0699 +0.0722 +0.1535 +0.2570 -0.3384 -0.0347 -0.2825 -0.0773 -0.3366 +0.2347 +0.0374 -0.0457 -0.0467 -0.0012 -0.0053 +0.0378 +0.3207 -0.6765 +1.1298 +0.2392 +0.2150 +0.0304 +0.0065 -0.2779 +0.6446 +1.1473 -0.2460 +0.1944 -0.1405 +0.0000 +0.0000 +0.0000 +0.0000 +0.0000 +0.0000

Joint Velocities (dq) [35]:
  +0.6248 +0.1351 -0.2129 -0.1181 +0.0450 -0.0441 +0.9371 +0.1523 -0.2435 -0.5458 +0.0763 +0.0369 -0.2167 +0.0507 -0.0088 +0.0292 -0.1563 +0.0128 +0.2728 +0.0153 +0.0127 -0.1655 +0.0605 +0.0235 +0.0259 +0.0165 -0.1868 -0.0937 +0.0315 +0.0000 +0.0000 +0.0000 +0.0000 +0.0000 +0.0000

Joint Torques (tau) [35]:
  -20.0017 -16.4966 +4.0099 -8.1888 +12.3276 -1.0195 +28.7922 +9.9752 -0.1637 +10.7253 +6.5022 +2.0947 -1.2146 +2.0816 -5.5138 -3.2337 +1.3628 +0.6128 -1.9199 +0.2282 -0.7367 +0.8672 -0.2486 -0.2369 -0.0607 -0.8187 +0.0957 -0.2206 +0.0306 +0.0000 +0.0000 +0.0000 +0.0000 +0.0000 +0.0000
