Step: 13780
Timestamp: 1779743396.2111373

Joint Positions (q) [35]:
  -0.0180 +0.0246 +0.1069 +0.2144 -0.1750 -0.0072 +0.0841 -0.0994 -0.3790 +0.1877 -0.2248 +0.0581 +0.0190 +0.0050 +0.0051 -0.0030 +0.3127 -0.7384 +1.1182 +0.2581 +0.1980 -0.0540 +0.0168 -0.2967 +0.6939 +1.1500 -0.2768 +0.2041 -0.1127 +0.0000 +0.0000 +0.0000 +0.0000 +0.0000 +0.0000

Joint Velocities (dq) [35]:
  -0.0225 -0.0128 -0.0424 +0.1000 -0.1330 +0.0646 +0.0051 -0.0223 -0.0272 +0.0572 +0.0201 +0.0372 -0.1066 +0.0257 +0.0046 +0.0698 +0.0803 -0.0491 -0.0851 -0.2242 -0.0115 +0.0194 -0.0039 -0.0717 -0.0217 -0.0455 +0.1527 -0.0324 -0.0033 +0.0000 +0.0000 +0.0000 +0.0000 +0.0000 +0.0000

Joint Torques (tau) [35]:
  +3.8634 +1.9576 -2.1356 +2.5407 +13.5450 -0.4965 -2.4206 +4.3785 -0.0970 +5.9484 +19.3395 +0.8158 -0.2691 +0.3802 -3.0245 -1.7552 +1.4043 +0.5237 -0.8702 -0.1276 -0.0961 +0.0727 -1.0321 -1.0702 -0.3302 -0.6954 +0.1170 -0.0852 -0.0874 +0.0000 +0.0000 +0.0000 +0.0000 +0.0000 +0.0000
