Step: 567
Timestamp: 1779741925.061366

Joint Positions (q) [35]:
  +0.0727 +0.0846 +0.1870 +0.1817 -0.2367 -0.0347 -0.0647 -0.0796 -0.3386 +0.2176 -0.1090 +0.0393 +0.0133 +0.0148 +0.0119 -0.0216 +0.3124 -0.7454 +1.1379 +0.2322 +0.2127 -0.0480 +0.0097 -0.2870 +0.7328 +1.1633 -0.2295 +0.2295 -0.0239 +0.0000 +0.0000 +0.0000 +0.0000 +0.0000 +0.0000

Joint Velocities (dq) [35]:
  -0.0322 +0.0401 -0.0034 -0.0247 +0.0144 -0.0326 +0.0095 +0.0572 -0.0221 -0.1322 +0.1834 -0.0375 +0.0846 +0.0319 -0.0501 -0.0494 -0.0300 +0.0628 +0.0802 +0.1223 -0.1134 -0.0489 -0.0493 -0.0783 +0.0621 +0.0388 +0.0670 -0.1070 +0.0442 +0.0000 +0.0000 +0.0000 +0.0000 +0.0000 +0.0000

Joint Torques (tau) [35]:
  -7.9424 -3.2251 -1.4377 -4.9050 +8.1544 -0.7794 +11.0028 +7.3950 -0.1029 +12.1171 +17.7908 +0.4092 +0.2325 +0.6494 -3.5105 -1.5940 +1.0286 +0.4458 -0.8326 -0.1385 -0.1862 +0.0788 -1.7054 -1.3960 -0.3619 -0.7019 +0.0136 -0.0953 -0.1863 +0.0000 +0.0000 +0.0000 +0.0000 +0.0000 +0.0000
