Step: 12719
Timestamp: 1779743277.897279

Joint Positions (q) [35]:
  +0.0382 +0.0531 +0.1699 +0.1928 -0.2122 -0.0071 -0.0384 -0.0663 -0.3135 +0.2208 -0.1561 +0.0049 +0.0089 +0.0439 +0.0092 -0.0046 +0.2755 -0.6990 +1.1493 +0.3077 +0.1978 -0.0302 +0.0025 -0.2872 +0.6831 +1.1943 -0.2959 +0.1859 -0.0604 +0.0000 +0.0000 +0.0000 +0.0000 +0.0000 +0.0000

Joint Velocities (dq) [35]:
  +0.0420 -0.0263 -0.1067 +0.0078 -0.1250 +0.0522 +0.1415 -0.0169 -0.1084 -0.0943 -0.1090 +0.0526 +0.0089 -0.0365 +0.0133 +0.0500 +0.0412 -0.1218 -0.1887 +0.1377 +0.0620 -0.1312 -0.0850 +0.0222 +0.3012 +0.0866 +0.1822 +0.0661 -0.0170 +0.0000 +0.0000 +0.0000 +0.0000 +0.0000 +0.0000

Joint Torques (tau) [35]:
  -1.4969 +3.2884 -1.1470 -0.1072 +12.9413 -0.8033 +3.7600 -0.0385 +0.4710 +3.9083 +15.9494 +0.3744 -0.2171 -0.4066 -3.6687 -2.0949 +1.7277 +0.4367 -0.8928 +0.0982 -0.0989 +0.3585 -1.4691 -0.7440 -0.3189 -0.9227 +0.1373 -0.1781 -0.0555 +0.0000 +0.0000 +0.0000 +0.0000 +0.0000 +0.0000
