Step: 15027
Timestamp: 1779743535.2054353

Joint Positions (q) [35]:
  +0.0495 +0.0246 +0.0727 +0.1855 -0.2196 +0.0230 +0.0085 -0.0722 -0.3463 +0.1936 -0.1212 +0.0229 +0.0183 +0.0101 +0.0093 +0.0086 +0.3126 -0.7140 +1.0715 +0.3315 +0.2301 -0.1022 +0.0180 -0.2637 +0.7013 +1.1746 -0.2908 +0.2489 -0.0380 +0.0000 +0.0000 +0.0000 +0.0000 +0.0000 +0.0000

Joint Velocities (dq) [35]:
  -0.0578 +0.0049 -0.0067 -0.0092 -0.0313 +0.0260 -0.0628 +0.0054 -0.0514 -0.0646 -0.0298 +0.0103 -0.0404 -0.0125 -0.0336 -0.0744 +0.0438 -0.0682 +0.0056 +0.0213 -0.0499 +0.0267 +0.0168 -0.0125 +0.0666 -0.0400 +0.0477 -0.0225 -0.0197 +0.0000 +0.0000 +0.0000 +0.0000 +0.0000 +0.0000

Joint Torques (tau) [35]:
  -4.6823 +7.9288 -1.0696 -2.8931 +11.7596 -0.7178 +7.5781 +0.9846 -0.8127 +10.3651 +15.8198 +0.2286 -0.4067 +0.6389 -3.2591 -1.8456 +0.7818 +0.4939 -1.1090 -0.1299 -0.1391 +0.1385 -0.9338 -0.6251 -0.2072 -0.7829 +0.1117 -0.1153 -0.0003 +0.0000 +0.0000 +0.0000 +0.0000 +0.0000 +0.0000
