Step: 8908
Timestamp: 1779742852.9679997

Joint Positions (q) [35]:
  +0.0240 +0.0259 +0.1388 +0.2083 -0.2182 +0.0102 -0.0077 -0.0666 -0.3386 +0.2004 -0.1561 +0.0102 +0.0069 +0.0102 +0.0029 +0.0024 +0.3161 -0.7368 +1.0798 +0.3150 +0.2215 -0.0930 +0.0106 -0.2881 +0.6898 +1.1638 -0.2341 +0.2376 -0.0479 +0.0000 +0.0000 +0.0000 +0.0000 +0.0000 +0.0000

Joint Velocities (dq) [35]:
  +0.0972 -0.0282 +0.0445 +0.0736 -0.1707 -0.0099 +0.0478 -0.0576 -0.0047 +0.0807 +0.0285 +0.0740 +0.0771 -0.1901 -0.0707 +0.0141 +0.0832 +0.0211 +0.0735 -0.2425 +0.0740 -0.0095 +0.0628 -0.0448 +0.2566 -0.0777 +0.4216 -0.0339 +0.0861 +0.0000 +0.0000 +0.0000 +0.0000 +0.0000 +0.0000

Joint Torques (tau) [35]:
  -2.8022 +8.0064 -2.4395 -2.5874 +10.6464 -0.5823 +3.9274 -1.9400 +0.8137 +4.7630 +10.3571 -0.0760 +0.1723 +0.6895 -1.8824 -1.6478 +1.2401 +0.5707 -0.8836 -0.3112 -0.0636 +0.2185 -1.2410 -1.5762 -0.2339 -0.5685 +0.0979 -0.0371 -0.1029 +0.0000 +0.0000 +0.0000 +0.0000 +0.0000 +0.0000
