Step: 1600
Timestamp: 1779742039.9819922

Joint Positions (q) [35]:
  +0.0669 +0.0514 +0.1799 +0.2058 -0.2718 +0.0071 -0.0261 -0.0982 -0.3228 +0.2606 -0.1542 +0.0553 -0.0008 -0.0119 +0.0096 +0.0134 +0.2997 -0.7081 +1.1414 +0.2984 +0.1906 +0.0081 +0.0207 -0.2647 +0.6725 +1.1772 -0.2958 +0.1872 -0.0552 +0.0000 +0.0000 +0.0000 +0.0000 +0.0000 +0.0000

Joint Velocities (dq) [35]:
  +0.0202 +0.0288 +0.0038 -0.0708 -0.0002 -0.0085 -0.0146 +0.0084 -0.1985 -0.0548 +0.2674 -0.0351 -0.0314 +0.1508 +0.0282 -0.0223 -0.0096 -0.2989 -0.1689 -0.0263 +0.0985 +0.0339 +0.0013 -0.0915 +0.0556 -0.0855 +0.1078 +0.0966 -0.0147 +0.0000 +0.0000 +0.0000 +0.0000 +0.0000 +0.0000

Joint Torques (tau) [35]:
  -0.6875 +6.5272 -0.5281 +2.4272 +22.7161 -0.7842 +3.4123 +2.7559 -1.2061 +6.4742 +15.2797 -0.3528 -0.3278 +2.3731 -3.6067 -1.7972 +0.3594 +0.3644 -1.1939 -0.1482 -0.2426 +0.0923 -0.8167 -1.1061 -0.2740 -0.6313 +0.1065 -0.0970 -0.1623 +0.0000 +0.0000 +0.0000 +0.0000 +0.0000 +0.0000
