Step: 1258
Timestamp: 1779742001.8070145

Joint Positions (q) [35]:
  +0.0518 +0.0686 +0.1574 +0.1809 -0.2330 -0.0216 -0.0462 -0.0838 -0.3404 +0.2285 -0.1334 +0.0493 +0.0077 +0.0076 +0.0082 +0.0162 +0.3168 -0.7273 +1.0884 +0.2845 +0.2065 -0.0217 +0.0232 -0.2810 +0.7038 +1.1509 -0.2738 +0.2246 -0.0070 +0.0000 +0.0000 +0.0000 +0.0000 +0.0000 +0.0000

Joint Velocities (dq) [35]:
  +0.1109 +0.0476 +0.0718 -0.0882 -0.0047 -0.0316 +0.0492 +0.0529 -0.0470 -0.0704 +0.2311 -0.1442 +0.0539 +0.0640 +0.0228 -0.1178 -0.0576 -0.1163 +0.1158 +0.0021 +0.0188 -0.0357 +0.0558 -0.0518 +0.0187 -0.0544 +0.0727 -0.0169 -0.1064 +0.0000 +0.0000 +0.0000 +0.0000 +0.0000 +0.0000

Joint Torques (tau) [35]:
  -4.5399 -0.8592 +0.3311 -1.2012 +12.7113 -0.7235 +8.5254 +6.4143 -1.2139 +11.2100 +18.1179 +0.2113 -0.7962 +0.2494 -3.7508 -1.6944 +0.7226 +0.4441 -1.1292 -0.1667 -0.2233 +0.0578 -0.7116 -1.1658 -0.3373 -0.5981 +0.1051 -0.0554 -0.1516 +0.0000 +0.0000 +0.0000 +0.0000 +0.0000 +0.0000
