Step: 13461
Timestamp: 1779743360.4352605

Joint Positions (q) [35]:
  +0.0675 +0.0441 +0.1077 +0.1997 -0.2334 -0.0142 +0.0032 -0.0789 -0.3228 +0.2584 -0.2145 +0.0182 -0.0017 +0.0224 +0.0040 +0.0200 +0.3099 -0.7345 +1.0755 +0.3351 +0.2013 -0.1086 +0.0701 -0.3011 +0.6891 +1.1176 -0.2014 +0.2186 +0.0238 +0.0000 +0.0000 +0.0000 +0.0000 +0.0000 +0.0000

Joint Velocities (dq) [35]:
  -0.0976 +0.0047 -0.0085 +0.0295 -0.0484 +0.0398 -0.0404 +0.0172 -0.0155 -0.1012 +0.1228 +0.0005 -0.0481 +0.0344 -0.0185 -0.0537 -0.0484 -0.1343 +0.0575 +0.0309 +0.0661 +0.0804 -0.0458 +0.0147 -0.0316 +0.0161 -0.1338 +0.0368 -0.0907 +0.0000 +0.0000 +0.0000 +0.0000 +0.0000 +0.0000

Joint Torques (tau) [35]:
  +1.0133 +1.7228 -0.8778 +0.8255 +12.6379 -0.5630 -2.0787 +0.6000 -2.1050 +1.7568 +20.0312 +0.6485 -0.2520 -0.2380 -1.7924 -1.9626 +1.5303 +0.5624 -0.9904 -0.0663 -0.0074 +0.2199 -1.1924 -1.4969 -0.3417 -0.6602 -0.0120 -0.0330 -0.1570 +0.0000 +0.0000 +0.0000 +0.0000 +0.0000 +0.0000
