Step: 4170
Timestamp: 1779742325.9740393

Joint Positions (q) [35]:
  +0.0610 +0.0648 +0.1828 +0.1927 -0.2348 -0.0298 -0.0348 -0.0568 -0.2501 +0.2559 -0.1995 +0.0069 +0.0148 +0.0267 +0.0065 -0.0221 +0.2916 -0.7123 +1.1653 +0.2414 +0.2111 +0.0105 +0.0040 -0.2790 +0.7132 +1.1912 -0.2643 +0.2098 -0.0614 +0.0000 +0.0000 +0.0000 +0.0000 +0.0000 +0.0000

Joint Velocities (dq) [35]:
  -0.0157 -0.0217 -0.0810 -0.0507 +0.0164 -0.0177 -0.0055 -0.0264 -0.0829 +0.0039 +0.0439 -0.0411 -0.0340 -0.0280 +0.0084 -0.0495 +0.0300 -0.1136 +0.0796 -0.1437 -0.0444 -0.0388 -0.0376 -0.0328 +0.0580 -0.0181 +0.0956 -0.0376 +0.0208 +0.0000 +0.0000 +0.0000 +0.0000 +0.0000 +0.0000

Joint Torques (tau) [35]:
  -1.9415 -1.1965 -2.2842 -0.4110 +11.2837 -0.1606 +3.1076 +1.9460 -0.5623 +5.8530 +22.3825 +0.9510 +0.4225 -1.7536 -2.8931 -1.0103 +1.2598 +0.4968 -0.6705 -0.1247 -0.1210 +0.1268 -1.6340 -1.0176 -0.4745 -0.7290 -0.0130 -0.1301 -0.1805 +0.0000 +0.0000 +0.0000 +0.0000 +0.0000 +0.0000
