Step: 5231
Timestamp: 1779742443.951315

Joint Positions (q) [35]:
  +0.0716 +0.0394 +0.1536 +0.1897 -0.2601 +0.0153 -0.0016 -0.0669 -0.3361 +0.2226 -0.1422 +0.0486 +0.0001 +0.0017 +0.0124 +0.0113 +0.3137 -0.7220 +1.0992 +0.2998 +0.2024 -0.0167 +0.0120 -0.2726 +0.7065 +1.1745 -0.2723 +0.2128 -0.0096 +0.0000 +0.0000 +0.0000 +0.0000 +0.0000 +0.0000

Joint Velocities (dq) [35]:
  -0.1667 -0.0021 -0.0767 -0.0681 +0.0885 +0.0111 -0.1323 +0.0120 -0.0810 -0.0974 +0.0931 -0.0364 +0.0157 +0.0394 -0.0688 -0.0860 -0.0124 -0.0709 -0.0045 +0.1423 +0.0057 -0.0637 -0.0181 -0.0126 +0.0633 +0.0391 +0.0614 +0.0360 +0.0309 +0.0000 +0.0000 +0.0000 +0.0000 +0.0000 +0.0000

Joint Torques (tau) [35]:
  -1.2065 +9.2218 -1.9276 +1.7538 +20.8561 -0.6979 +4.7887 -0.7600 -0.0051 +8.1072 +15.1095 -0.6608 -0.2909 +1.5828 -4.4107 -2.0995 +0.8121 +0.5565 -1.2547 -0.1511 -0.2392 +0.2091 -1.3556 -1.2007 -0.3806 -0.7537 +0.0915 -0.0966 -0.2039 +0.0000 +0.0000 +0.0000 +0.0000 +0.0000 +0.0000
