Step: 14870
Timestamp: 1779743517.78521

Joint Positions (q) [35]:
  +0.0429 +0.0247 +0.0764 +0.2110 -0.2309 +0.0184 +0.0023 -0.0749 -0.3340 +0.2059 -0.1367 +0.0172 +0.0137 +0.0241 +0.0077 +0.0013 +0.2847 -0.7169 +1.1023 +0.3737 +0.2235 -0.0802 -0.0172 -0.2495 +0.7003 +1.2345 -0.3215 +0.2356 -0.0243 +0.0000 +0.0000 +0.0000 +0.0000 +0.0000 +0.0000

Joint Velocities (dq) [35]:
  +0.0391 +0.0130 -0.0770 -0.0302 -0.0442 -0.0036 +0.0723 +0.0206 -0.0709 -0.0977 -0.0122 +0.0075 -0.1129 +0.0026 -0.0250 +0.0438 +0.0798 -0.2036 -0.1234 -0.0549 -0.0691 -0.1470 -0.0675 +0.0227 +0.0077 +0.0994 +0.0766 -0.0015 -0.0158 +0.0000 +0.0000 +0.0000 +0.0000 +0.0000 +0.0000

Joint Torques (tau) [35]:
  -6.3553 +9.7613 -1.6598 -5.8384 +10.2455 -0.3267 +7.9470 -0.6478 -0.0445 +9.1414 +15.3963 +0.4468 -0.0482 +0.5970 -2.2564 -1.5069 +1.1656 +0.2663 -0.8394 -0.0343 -0.0777 +0.0324 -1.6493 -0.5646 -0.3323 -0.8335 +0.1805 -0.1240 -0.1727 +0.0000 +0.0000 +0.0000 +0.0000 +0.0000 +0.0000
