Step: 12675
Timestamp: 1779743273.084401

Joint Positions (q) [35]:
  +0.0483 +0.0588 +0.1688 +0.2119 -0.2393 -0.0153 -0.0416 -0.0698 -0.3134 +0.2714 -0.2025 +0.0034 +0.0275 +0.0079 +0.0083 +0.0042 +0.3059 -0.7097 +1.1456 +0.2096 +0.2080 -0.0473 +0.0104 -0.2666 +0.7093 +1.1975 -0.2706 +0.2068 -0.0498 +0.0000 +0.0000 +0.0000 +0.0000 +0.0000 +0.0000

Joint Velocities (dq) [35]:
  -0.2023 +0.0561 +0.1966 +0.3685 -0.2143 +0.0202 -0.3353 -0.0149 +0.2228 +0.4231 -0.0927 -0.0391 +0.1614 +0.0865 +0.0249 +0.1061 +0.0648 +0.1524 -0.3306 -0.0200 +0.1029 -0.0829 +0.0724 -0.2015 -0.0654 -0.3306 -0.0362 -0.0019 +0.0179 +0.0000 +0.0000 +0.0000 +0.0000 +0.0000 +0.0000

Joint Torques (tau) [35]:
  -3.1983 +0.8130 -1.7761 -0.1076 +13.8363 -0.3594 +6.5702 +1.4081 +1.6639 +7.6077 +21.7239 +0.1236 +0.2128 +1.7607 -4.1272 -1.7988 +1.4635 +0.3924 -0.9147 +0.0716 -0.1998 +0.2569 -2.5068 -1.6501 -0.5187 -1.0171 -0.0540 -0.1637 -0.5016 +0.0000 +0.0000 +0.0000 +0.0000 +0.0000 +0.0000
