Step: 6317
Timestamp: 1779742565.114852

Joint Positions (q) [35]:
  -0.0378 +0.0105 +0.2012 +0.2230 -0.1750 +0.0259 +0.0378 -0.0778 -0.3441 +0.2094 -0.2192 +0.0236 +0.0071 -0.0068 +0.0065 -0.0194 +0.3107 -0.7315 +1.1203 +0.3077 +0.2047 -0.0465 +0.0052 -0.2740 +0.7058 +1.1632 -0.2770 +0.2416 -0.0323 +0.0000 +0.0000 +0.0000 +0.0000 +0.0000 +0.0000

Joint Velocities (dq) [35]:
  +0.1548 -0.0411 +0.1341 -0.3082 +0.1423 -0.0429 -0.1136 -0.0456 +0.1441 +0.1320 +0.0720 -0.0589 +0.0832 -0.2386 +0.0083 +0.0287 +0.2319 +0.0437 -0.0982 -0.2643 -0.1236 -0.0293 -0.1285 +0.1471 +0.0513 +0.2290 -0.0634 -0.1552 +0.0046 +0.0000 +0.0000 +0.0000 +0.0000 +0.0000 +0.0000

Joint Torques (tau) [35]:
  +1.7827 +7.5029 -2.6242 -1.3822 +8.7738 -0.2668 -2.2419 -5.3852 +2.2740 -0.4827 +10.0904 +0.4239 +0.0499 -1.1490 -2.4012 -2.1594 +1.1986 +0.6133 -1.0018 -0.2631 -0.1850 +0.2185 -1.8279 -1.4763 -0.4062 -0.8012 +0.0556 -0.1623 -0.0086 +0.0000 +0.0000 +0.0000 +0.0000 +0.0000 +0.0000
