Step: 9695
Timestamp: 1779742940.1904552

Joint Positions (q) [35]:
  -0.0786 +0.0076 +0.1336 +0.2359 -0.1549 +0.0168 +0.0164 -0.0663 -0.3540 +0.2136 -0.2114 -0.0013 +0.0109 +0.0751 +0.0041 -0.0643 +0.2890 -0.7750 +1.1495 +0.2697 +0.1793 -0.0728 -0.0058 -0.3048 +0.7210 +1.2171 -0.2415 +0.1896 -0.0165 +0.0000 +0.0000 +0.0000 +0.0000 +0.0000 +0.0000

Joint Velocities (dq) [35]:
  +0.2610 -0.0640 -0.0294 -0.2690 +0.0301 -0.0536 +0.1608 -0.0332 -0.0180 -0.0450 +0.0227 -0.0187 -0.0025 -0.2770 +0.0891 -0.0281 +0.1781 +0.1960 -0.2729 +0.4727 -0.0929 -0.0161 -0.1242 +0.1309 -0.0134 -0.0358 -0.5065 -0.1084 -0.0350 +0.0000 +0.0000 +0.0000 +0.0000 +0.0000 +0.0000

Joint Torques (tau) [35]:
  +8.7701 +7.7820 -4.4622 +3.6657 +10.2201 +0.0046 -7.9397 -9.7158 +1.0955 -4.0963 +9.9642 +0.6872 -0.0066 -3.2848 -2.9778 -1.8905 +1.2562 +0.6142 -0.8675 -0.1608 -0.1653 +0.2354 -1.4245 -1.5457 -0.3721 -0.4409 -0.0277 -0.0141 -0.1892 +0.0000 +0.0000 +0.0000 +0.0000 +0.0000 +0.0000
