Step: 11007
Timestamp: 1779743086.8144572

Joint Positions (q) [35]:
  +0.0690 +0.0628 +0.1792 +0.2021 -0.2753 -0.0315 -0.1223 -0.0455 -0.2475 +0.2965 -0.1764 -0.0047 +0.0086 +0.0243 +0.0072 -0.0052 +0.3098 -0.6689 +1.1228 +0.2595 +0.2150 +0.0003 -0.0081 -0.2889 +0.6873 +1.1939 -0.2315 +0.2009 -0.0421 +0.0000 +0.0000 +0.0000 +0.0000 +0.0000 +0.0000

Joint Velocities (dq) [35]:
  -0.5015 -0.1334 -0.1726 +0.2666 -0.0748 +0.0330 -0.5295 -0.2329 -0.1102 +0.5017 -0.3005 +0.0045 -0.0045 -0.0801 -0.1287 -0.0024 +0.0989 +0.3669 -0.3293 +0.6173 -0.0245 -0.0314 -0.1541 -0.0106 -0.3246 +0.0990 -0.2023 -0.0690 -0.0569 +0.0000 +0.0000 +0.0000 +0.0000 +0.0000 +0.0000

Joint Torques (tau) [35]:
  -4.1050 -5.7881 -1.1526 +0.5638 +12.9123 -0.0823 +6.4170 +4.8178 -0.4476 +7.2453 +22.9573 +0.4307 -0.9036 -0.7917 -3.3259 -2.6782 +1.0317 +0.6137 -1.3862 -0.1068 -0.2716 +0.2732 -1.1512 -1.5677 -0.3450 -0.4098 -0.0202 +0.0363 -0.1876 +0.0000 +0.0000 +0.0000 +0.0000 +0.0000 +0.0000
