Step: 12668
Timestamp: 1779743272.2750456

Joint Positions (q) [35]:
  +0.0451 +0.0576 +0.1577 +0.2185 -0.2410 -0.0121 -0.0260 -0.0690 -0.3251 +0.2478 -0.1898 +0.0095 +0.0206 +0.0138 +0.0077 +0.0028 +0.2950 -0.7119 +1.1424 +0.2494 +0.2160 -0.0475 +0.0179 -0.2688 +0.7130 +1.1871 -0.2672 +0.2172 -0.0454 +0.0000 +0.0000 +0.0000 +0.0000 +0.0000 +0.0000

Joint Velocities (dq) [35]:
  +0.0092 +0.0039 -0.0338 -0.0386 -0.0346 +0.0029 +0.0110 +0.0075 -0.0304 -0.0177 +0.0285 +0.0292 -0.0845 -0.0055 -0.0388 +0.0069 -0.0189 +0.0455 +0.2059 -0.2074 -0.1200 +0.0996 -0.0291 +0.0137 -0.0552 +0.0614 +0.0519 -0.0355 -0.0208 +0.0000 +0.0000 +0.0000 +0.0000 +0.0000 +0.0000

Joint Torques (tau) [35]:
  -5.0885 +3.0416 -1.5126 -3.2571 +11.8639 -0.3459 +7.1530 +1.4804 +1.0693 +6.3764 +19.5283 +0.5923 +0.7454 +0.1097 -2.8521 -1.3731 +1.0800 +0.4539 -0.8187 -0.3248 -0.1762 +0.1643 -1.6544 -0.9688 -0.3896 -0.9712 +0.1668 -0.1691 -0.1023 +0.0000 +0.0000 +0.0000 +0.0000 +0.0000 +0.0000
