Step: 9627
Timestamp: 1779742932.7641468

Joint Positions (q) [35]:
  +0.0240 -0.0176 +0.1529 +0.2535 -0.2636 +0.0495 +0.0660 -0.1049 -0.3029 +0.2949 -0.2561 +0.0585 +0.0161 -0.0378 +0.0062 +0.0257 +0.3282 -0.6778 +1.1004 +0.2563 +0.2135 +0.0068 -0.0170 -0.2995 +0.6361 +1.1265 -0.2870 +0.1876 -0.1507 +0.0000 +0.0000 +0.0000 +0.0000 +0.0000 +0.0000

Joint Velocities (dq) [35]:
  +0.0379 +0.0757 -0.0073 -0.0587 +0.0197 -0.0657 +0.1662 +0.1352 -0.0376 -0.3971 +0.1222 -0.0053 +0.0468 +0.0847 -0.0224 -0.0277 -0.0525 -0.0442 +0.0062 +0.1433 -0.0592 +0.0507 -0.0237 +0.0768 +0.1390 +0.2574 -0.1112 -0.1070 -0.1232 +0.0000 +0.0000 +0.0000 +0.0000 +0.0000 +0.0000

Joint Torques (tau) [35]:
  +5.4279 +18.0655 -4.3855 +5.7985 +30.6036 -0.0713 -4.7098 -4.7631 +0.4592 +2.4462 +13.2282 -0.3565 -0.7722 +1.6961 -2.1694 -1.3177 +0.5932 +0.3283 -1.0550 -0.1718 -0.2065 +0.0072 -0.4505 -1.3303 -0.2792 -0.4734 +0.1337 -0.0184 -0.0843 +0.0000 +0.0000 +0.0000 +0.0000 +0.0000 +0.0000
