Step: 7574
Timestamp: 1779742705.0950208

Joint Positions (q) [35]:
  -0.1121 -0.0562 +0.1889 +0.2969 -0.1713 +0.0606 +0.1413 -0.1270 -0.4048 +0.2597 -0.3414 +0.0321 +0.0349 -0.0289 +0.0056 +0.0013 +0.2892 -0.6581 +1.1246 +0.3692 +0.1966 -0.0563 +0.0252 -0.2983 +0.6468 +1.1517 -0.2579 +0.1872 -0.0759 +0.0000 +0.0000 +0.0000 +0.0000 +0.0000 +0.0000

Joint Velocities (dq) [35]:
  +0.3478 -0.1353 +0.1524 -0.1894 -0.1500 -0.0388 -0.1109 -0.3129 +0.1480 +0.7043 -0.0591 +0.2214 -0.0382 -0.2972 +0.0671 +0.0090 +0.1439 -0.1283 +0.0570 -0.3993 +0.0215 +0.2621 -0.0573 -0.0111 -0.0509 -0.2272 -0.0871 -0.1342 +0.0637 +0.0000 +0.0000 +0.0000 +0.0000 +0.0000 +0.0000

Joint Torques (tau) [35]:
  +11.8486 +21.2195 -8.5156 -5.5468 +11.9427 +0.3017 -10.9789 -1.7098 +0.3859 +8.1164 +14.8607 +0.9015 +0.2584 -0.4568 -3.3732 -0.7486 +1.3799 -0.0109 -0.9035 -0.5658 +0.0602 +0.3854 -1.0609 -2.3485 -0.4870 -0.7948 +0.1116 -0.0606 -0.2165 +0.0000 +0.0000 +0.0000 +0.0000 +0.0000 +0.0000
