Step: 6670
Timestamp: 1779742604.4941263

Joint Positions (q) [35]:
  -0.0480 +0.0181 +0.1900 +0.2437 -0.1998 +0.0331 +0.0819 -0.0654 -0.3741 +0.1913 -0.1976 +0.0575 +0.0185 +0.0045 +0.0061 +0.0106 +0.3156 -0.6977 +1.0806 +0.3048 +0.2130 -0.0460 +0.0172 -0.2664 +0.7042 +1.1794 -0.2732 +0.2443 -0.0608 +0.0000 +0.0000 +0.0000 +0.0000 +0.0000 +0.0000

Joint Velocities (dq) [35]:
  -0.0412 +0.0661 +0.0385 +0.0344 -0.0283 -0.0422 -0.0440 +0.0754 +0.2018 -0.0835 +0.0081 +0.0366 +0.1191 +0.0932 -0.0498 +0.0035 -0.0580 +0.1717 +0.0914 -0.1321 +0.0181 +0.1048 +0.1384 -0.0663 -0.1338 -0.1517 -0.1629 -0.0156 -0.1574 +0.0000 +0.0000 +0.0000 +0.0000 +0.0000 +0.0000

Joint Torques (tau) [35]:
  +5.1251 +10.5205 -4.1757 -0.3248 +11.9637 +0.3282 -3.3529 -2.8745 +0.1041 +5.5086 +16.6725 -0.1576 -0.6546 +0.4429 -3.3044 -1.8571 +0.1570 +0.4766 -1.4114 -0.2946 -0.3253 +0.1577 -1.1848 -0.5215 -0.4212 -0.9007 +0.2227 -0.1806 -0.2313 +0.0000 +0.0000 +0.0000 +0.0000 +0.0000 +0.0000
