Step: 915
Timestamp: 1779741963.6302605

Joint Positions (q) [35]:
  +0.0577 +0.0845 +0.2279 +0.1918 -0.2326 -0.0295 -0.0860 -0.0713 -0.3078 +0.2276 -0.1030 +0.0291 +0.0147 +0.0283 +0.0081 -0.0097 +0.2945 -0.7012 +1.1478 +0.2444 +0.2198 -0.0066 +0.0113 -0.2701 +0.6934 +1.1875 -0.2822 +0.2263 -0.0512 +0.0000 +0.0000 +0.0000 +0.0000 +0.0000 +0.0000

Joint Velocities (dq) [35]:
  -0.0465 -0.0295 +0.2182 +0.0327 -0.0483 -0.0075 -0.3131 -0.0554 +0.2477 +0.3490 +0.0174 -0.0042 +0.0124 +0.0671 -0.0109 +0.1214 +0.0655 +0.0903 -0.1146 -0.2195 -0.0889 +0.1734 +0.0430 -0.1030 -0.0061 -0.1596 -0.0277 -0.0533 -0.0156 +0.0000 +0.0000 +0.0000 +0.0000 +0.0000 +0.0000

Joint Torques (tau) [35]:
  -10.0071 -1.7883 -1.4254 -5.7509 +8.8102 -0.4812 +13.0322 +8.5484 -0.1175 +13.5018 +17.0174 +0.0631 +0.1698 +0.3897 -2.5902 -1.3334 +0.6291 +0.4530 -0.9254 -0.2735 -0.2012 +0.0757 -1.3738 -0.8409 -0.3533 -0.8387 +0.1411 -0.1611 -0.1879 +0.0000 +0.0000 +0.0000 +0.0000 +0.0000 +0.0000
