Step: 15747
Timestamp: 1779743615.3222976

Joint Positions (q) [35]:
  +0.1097 +0.0370 +0.0386 +0.1934 -0.2579 +0.0026 -0.0105 -0.0701 -0.3434 +0.2352 -0.1611 +0.0152 +0.0262 +0.0202 +0.0134 +0.0289 +0.2958 -0.6846 +1.1384 +0.2292 +0.2006 -0.1184 +0.0485 -0.2763 +0.6822 +1.1800 -0.2225 +0.2075 +0.0388 +0.0000 +0.0000 +0.0000 +0.0000 +0.0000 +0.0000

Joint Velocities (dq) [35]:
  +0.1443 -0.0321 +0.1069 -0.1947 +0.0423 +0.0189 -0.0371 -0.0288 +0.1096 +0.0993 -0.0955 -0.0090 +0.1003 -0.1280 -0.0956 +0.0236 -0.1119 +0.0376 +0.2349 -0.0113 -0.0018 +0.1210 +0.0203 +0.0420 +0.1579 +0.1070 +0.2311 -0.0439 +0.0079 +0.0000 +0.0000 +0.0000 +0.0000 +0.0000 +0.0000

Joint Torques (tau) [35]:
  -11.2802 +0.6317 -0.3801 -5.2723 +13.0305 -0.9351 +12.7706 +3.2326 +0.4737 +9.6789 +16.8613 +0.4570 +0.2570 +0.0737 -1.9932 -1.1825 +1.1857 +0.2449 -0.5539 +0.0701 +0.0256 +0.0546 -1.1958 -1.5818 -0.2337 -0.4317 -0.0818 +0.0671 -0.0632 +0.0000 +0.0000 +0.0000 +0.0000 +0.0000 +0.0000
