Step: 10679
Timestamp: 1779743050.0726783

Joint Positions (q) [35]:
  -0.0024 +0.0477 +0.2807 +0.1763 -0.1570 -0.0172 +0.0670 -0.0999 -0.3421 +0.2304 -0.2529 +0.0451 -0.0035 -0.0089 +0.0044 -0.0571 +0.2883 -0.7325 +1.2043 +0.3043 +0.1778 +0.0430 -0.0168 -0.2578 +0.6972 +1.2205 -0.2914 +0.2005 -0.1076 +0.0000 +0.0000 +0.0000 +0.0000 +0.0000 +0.0000

Joint Velocities (dq) [35]:
  +0.0266 +0.0426 -0.0782 -0.0340 -0.0290 -0.0227 +0.0285 +0.0481 -0.0989 +0.0155 +0.0872 -0.0749 -0.0711 +0.0446 -0.0151 -0.0110 -0.0094 -0.0921 +0.0161 -0.0551 +0.0506 -0.0433 -0.0015 -0.0337 +0.0024 -0.0372 +0.0509 +0.0250 -0.0145 +0.0000 +0.0000 +0.0000 +0.0000 +0.0000 +0.0000

Joint Torques (tau) [35]:
  +6.1059 +2.4721 -2.7613 +4.0767 +12.1242 +0.3116 -4.8649 -2.4696 +0.0241 +3.3219 +26.4932 +1.5442 -0.1854 -0.6305 -3.3042 -1.7474 +0.9116 +0.3951 -0.9032 -0.2021 -0.1771 +0.0127 -1.1177 -0.6571 -0.2584 -0.6860 +0.1123 -0.1014 -0.1420 +0.0000 +0.0000 +0.0000 +0.0000 +0.0000 +0.0000
