Step: 10649
Timestamp: 1779743046.5481899

Joint Positions (q) [35]:
  -0.0187 +0.0133 +0.3557 +0.2162 -0.2612 +0.0447 -0.3036 -0.0600 -0.1610 +0.2715 -0.0005 -0.0005 +0.0229 -0.1268 +0.0088 -0.0672 +0.3335 -0.7240 +1.1965 +0.3342 +0.1978 -0.0191 -0.1457 -0.2656 +0.7127 +1.1568 -0.2604 +0.1524 -0.0741 +0.0000 +0.0000 +0.0000 +0.0000 +0.0000 +0.0000

Joint Velocities (dq) [35]:
  -0.2040 -0.0871 +0.1848 +0.0695 +0.0986 +0.2646 -0.1429 -0.1125 -0.2551 -0.2471 +0.6838 +0.3686 +0.0397 +0.0567 -0.1577 -0.1418 -0.2181 +0.0354 +0.3758 +0.0913 +0.0907 +0.1779 +0.0768 -0.0261 +0.0552 -0.1033 -0.0027 +0.0080 -0.2786 +0.0000 +0.0000 +0.0000 +0.0000 +0.0000 +0.0000

Joint Torques (tau) [35]:
  -3.2710 +15.7164 -1.1923 +0.5568 +29.4899 -0.4594 +11.3358 +0.3021 -0.1928 +10.9932 +14.4330 +0.2662 +1.2898 +5.3161 -6.6876 -1.2907 +0.0902 +0.4405 -0.9594 -0.2205 -0.1284 +0.2153 -1.4726 -1.5203 -0.4371 -0.5562 +0.1343 -0.0496 -0.1583 +0.0000 +0.0000 +0.0000 +0.0000 +0.0000 +0.0000
