Step: 2330
Timestamp: 1779742120.974255

Joint Positions (q) [35]:
  +0.0550 +0.0410 +0.1755 +0.1997 -0.2588 +0.0131 +0.0115 -0.0946 -0.3419 +0.2373 -0.1677 +0.0548 +0.0008 +0.0012 +0.0073 +0.0098 +0.3141 -0.7259 +1.0949 +0.2955 +0.2160 -0.0103 +0.0331 -0.2781 +0.6834 +1.1573 -0.2602 +0.2145 -0.0313 +0.0000 +0.0000 +0.0000 +0.0000 +0.0000 +0.0000

Joint Velocities (dq) [35]:
  -0.0053 +0.0416 +0.0060 -0.0333 -0.0070 -0.0331 +0.0249 +0.0592 -0.0729 -0.1645 +0.2332 -0.0400 -0.0270 +0.0659 +0.0106 -0.0904 -0.0378 -0.1008 +0.0191 +0.1379 +0.0216 -0.1258 -0.0412 -0.0169 +0.0360 +0.0502 +0.1109 +0.0481 -0.0390 +0.0000 +0.0000 +0.0000 +0.0000 +0.0000 +0.0000

Joint Torques (tau) [35]:
  +0.2744 +7.4143 -1.2710 +3.7866 +24.0642 -0.7110 +2.3034 +0.9858 -0.5482 +6.5540 +15.6005 -0.1224 -0.2416 +1.2050 -3.4432 -1.8264 +0.6807 +0.4945 -1.2169 -0.1971 -0.2456 +0.0909 -1.0425 -1.2820 -0.3295 -0.6348 +0.0630 -0.0543 -0.1763 +0.0000 +0.0000 +0.0000 +0.0000 +0.0000 +0.0000
