Step: 6276
Timestamp: 1779742560.6242082

Joint Positions (q) [35]:
  +0.0415 -0.0252 +0.1978 +0.2352 -0.2777 +0.0549 +0.0469 -0.1167 -0.2296 +0.3351 -0.2746 +0.0630 +0.0532 -0.0628 +0.0098 +0.0011 +0.3160 -0.7019 +1.1618 +0.2749 +0.1656 -0.0478 -0.0001 -0.2677 +0.7027 +1.1995 -0.2517 +0.1632 -0.0219 +0.0000 +0.0000 +0.0000 +0.0000 +0.0000 +0.0000

Joint Velocities (dq) [35]:
  -0.0075 -0.0536 +0.0613 +0.1007 -0.0833 -0.0850 +0.0495 -0.0278 +0.2489 -0.1044 -0.1337 +0.0434 -0.0714 -0.0459 -0.1259 +0.1727 +0.0406 -0.3128 -0.1612 -0.1366 +0.0723 +0.0398 -0.1018 +0.0454 +0.0635 +0.0840 -0.1797 -0.0223 -0.0051 +0.0000 +0.0000 +0.0000 +0.0000 +0.0000 +0.0000

Joint Torques (tau) [35]:
  +6.6989 +16.2993 -4.2279 +8.3781 +34.9649 -0.5881 -5.7586 +0.1397 +0.0950 +1.4291 +11.3280 -0.1338 -0.6869 +1.8406 -3.3463 -1.8131 +0.9421 +0.3516 -0.8795 -0.1279 -0.1550 +0.0684 -2.0703 -2.7360 -0.7616 -0.5780 +0.0995 -0.0156 -0.3517 +0.0000 +0.0000 +0.0000 +0.0000 +0.0000 +0.0000
