Step: 7923
Timestamp: 1779742743.614536

Joint Positions (q) [35]:
  +0.0118 +0.0526 +0.1682 +0.2101 -0.1997 -0.0158 +0.0175 -0.0839 -0.3864 +0.2096 -0.1813 +0.0343 +0.0157 +0.0039 +0.0063 +0.0005 +0.3266 -0.7427 +1.0851 +0.2734 +0.2060 -0.0636 +0.0288 -0.2854 +0.7221 +1.1415 -0.2628 +0.2266 -0.0557 +0.0000 +0.0000 +0.0000 +0.0000 +0.0000 +0.0000

Joint Velocities (dq) [35]:
  -0.1032 +0.0498 +0.0284 +0.1846 -0.1223 -0.0087 -0.0130 +0.0493 +0.0289 -0.0707 +0.1044 -0.0970 +0.0710 +0.0409 +0.0143 +0.0386 +0.0464 +0.0988 -0.1296 -0.0268 -0.0163 +0.0503 +0.0093 -0.0280 +0.0411 +0.0062 +0.0546 -0.0210 -0.0161 +0.0000 +0.0000 +0.0000 +0.0000 +0.0000 +0.0000

Joint Torques (tau) [35]:
  -2.0306 +2.3147 -1.8480 -2.2258 +8.6587 -0.2126 +3.5080 -0.1223 +0.7170 +5.4213 +14.2712 +0.7476 +0.1468 +0.1111 -2.6524 -1.6407 +0.5453 +0.4911 -1.1456 -0.2251 -0.2483 +0.1711 -1.3556 -0.7048 -0.3102 -0.8289 +0.0834 -0.1299 -0.2012 +0.0000 +0.0000 +0.0000 +0.0000 +0.0000 +0.0000
