Step: 1498
Timestamp: 1779742028.4445379

Joint Positions (q) [35]:
  +0.0946 +0.0518 +0.1659 +0.1912 -0.2770 -0.0023 -0.0099 -0.0978 -0.3023 +0.2562 -0.1705 +0.0722 -0.0035 -0.0039 +0.0057 +0.0213 +0.3129 -0.7314 +1.1011 +0.2943 +0.2077 -0.0184 +0.0129 -0.2650 +0.6924 +1.1813 -0.2896 +0.2132 -0.0064 +0.0000 +0.0000 +0.0000 +0.0000 +0.0000 +0.0000

Joint Velocities (dq) [35]:
  +0.0105 +0.0547 +0.1086 -0.0362 +0.0453 -0.0826 -0.0791 +0.0634 +0.1066 +0.0020 +0.1705 -0.0172 +0.0587 +0.0473 +0.0187 -0.0094 +0.0115 -0.0210 -0.0600 -0.0118 -0.0146 +0.0490 +0.0091 -0.0292 -0.0383 -0.0122 +0.0168 +0.0155 -0.0488 +0.0000 +0.0000 +0.0000 +0.0000 +0.0000 +0.0000

Joint Torques (tau) [35]:
  +0.6090 +1.8824 -0.5275 +5.7915 +25.7602 -0.9644 +1.3480 +5.5028 -1.2460 +6.5178 +17.2310 -0.4842 -0.4563 +0.7497 -2.8362 -1.4479 +0.6436 +0.3671 -1.0168 -0.1258 -0.1677 +0.1567 -1.0645 -1.3010 -0.4059 -0.5906 +0.1231 -0.0251 -0.1908 +0.0000 +0.0000 +0.0000 +0.0000 +0.0000 +0.0000
