Step: 9049
Timestamp: 1779742868.510583

Joint Positions (q) [35]:
  +0.0840 +0.0123 +0.1314 +0.1888 -0.2553 +0.0325 +0.0467 -0.0787 -0.3307 +0.2305 -0.1808 +0.0441 +0.0004 +0.0001 +0.0077 +0.0153 +0.3100 -0.7361 +1.1038 +0.2879 +0.2120 -0.0301 +0.0085 -0.2639 +0.7048 +1.1911 -0.2904 +0.2154 +0.0044 +0.0000 +0.0000 +0.0000 +0.0000 +0.0000 +0.0000

Joint Velocities (dq) [35]:
  -0.0468 +0.0227 +0.0116 -0.0183 -0.0071 -0.0463 -0.0901 +0.0109 -0.0639 -0.0005 -0.0493 -0.0096 -0.0115 +0.0125 -0.0025 -0.0314 -0.0006 -0.0221 +0.0108 +0.0637 -0.0149 -0.0436 -0.0103 -0.0048 +0.0167 -0.0177 +0.0009 +0.0168 -0.0707 +0.0000 +0.0000 +0.0000 +0.0000 +0.0000 +0.0000

Joint Torques (tau) [35]:
  -1.8689 +11.7765 -2.4617 +2.1071 +22.4911 -0.5093 +3.8823 -2.0609 +0.3268 +7.8292 +15.8349 -0.3215 +0.1143 +0.4861 -2.9328 -1.6923 +0.7462 +0.4891 -1.0832 -0.1528 -0.1885 +0.2234 -1.5205 -1.2471 -0.3638 -0.6869 +0.0685 -0.0540 -0.1906 +0.0000 +0.0000 +0.0000 +0.0000 +0.0000 +0.0000
