Step: 5269
Timestamp: 1779742448.3033402

Joint Positions (q) [35]:
  +0.0431 +0.0435 +0.1491 +0.1727 -0.2237 +0.0022 -0.0151 -0.0569 -0.3465 +0.1892 -0.1281 +0.0412 -0.0037 +0.0112 +0.0076 -0.0304 +0.3192 -0.7055 +1.1120 +0.3037 +0.1748 -0.0234 -0.0080 -0.2921 +0.6942 +1.1870 -0.2183 +0.2077 -0.0465 +0.0000 +0.0000 +0.0000 +0.0000 +0.0000 +0.0000

Joint Velocities (dq) [35]:
  -0.0044 -0.0080 -0.0643 -0.0231 -0.0138 +0.0018 +0.0092 -0.0084 -0.0493 -0.0172 +0.1062 -0.0145 +0.0489 +0.0431 +0.0485 -0.0433 -0.1946 +0.1187 -0.0302 +0.0134 -0.0054 -0.0954 +0.0700 +0.0312 +0.0087 -0.0143 -0.0651 +0.0228 +0.1137 +0.0000 +0.0000 +0.0000 +0.0000 +0.0000 +0.0000

Joint Torques (tau) [35]:
  -0.3686 +7.2630 -3.4387 -0.0176 +13.2687 -0.3089 +3.5686 -1.3020 +0.1606 +8.6586 +16.6297 -0.4831 -0.1156 +0.7512 -3.5384 -1.3397 +1.1586 +0.2326 -0.7673 +0.0449 -0.1123 +0.1306 -1.2912 -1.1852 -0.3742 -0.7080 +0.1580 -0.1230 -0.0887 +0.0000 +0.0000 +0.0000 +0.0000 +0.0000 +0.0000
