Step: 3963
Timestamp: 1779742302.8400855

Joint Positions (q) [35]:
  +0.0599 +0.0554 +0.1286 +0.2124 -0.2428 -0.0268 -0.0007 -0.0724 -0.3058 +0.2563 -0.2145 +0.0135 +0.0054 +0.0144 +0.0066 +0.0024 +0.3215 -0.7269 +1.0997 +0.2835 +0.1855 -0.0714 +0.0588 -0.2991 +0.7321 +1.1093 -0.2429 +0.2122 +0.0472 +0.0000 +0.0000 +0.0000 +0.0000 +0.0000 +0.0000

Joint Velocities (dq) [35]:
  +0.0195 -0.0235 -0.0826 -0.0956 +0.0271 -0.0043 +0.0513 -0.0102 -0.0894 -0.0891 +0.0920 -0.0301 +0.0548 -0.0009 -0.0197 +0.0352 -0.0276 -0.0123 +0.0200 -0.0497 +0.0198 +0.0939 -0.0610 +0.0009 +0.0958 +0.0840 -0.0139 -0.0374 +0.0832 +0.0000 +0.0000 +0.0000 +0.0000 +0.0000 +0.0000

Joint Torques (tau) [35]:
  +1.1160 +0.9984 -1.6455 +0.6898 +12.7483 -0.1445 -0.1852 +1.5447 -1.4002 +4.9237 +21.2848 +0.7768 -0.0885 -0.3860 -2.6352 -1.3243 +1.1606 +0.3214 -0.8208 -0.0653 -0.1155 +0.0762 -1.3787 -1.4052 -0.4778 -0.8063 +0.0828 -0.0926 -0.1187 +0.0000 +0.0000 +0.0000 +0.0000 +0.0000 +0.0000
