Step: 3590
Timestamp: 1779742261.3962555

Joint Positions (q) [35]:
  +0.0865 +0.0556 +0.1671 +0.1921 -0.2133 -0.0155 +0.0293 -0.0670 -0.3447 +0.1870 -0.1391 +0.0091 -0.0211 +0.0093 +0.0051 -0.0002 +0.3358 -0.7291 +1.1274 +0.2211 +0.1640 -0.0607 +0.0002 -0.3233 +0.6981 +1.1004 -0.3220 +0.1327 -0.2344 +0.0000 +0.0000 +0.0000 +0.0000 +0.0000 +0.0000

Joint Velocities (dq) [35]:
  +0.0459 +0.0301 +0.0128 -0.0527 -0.0194 -0.0142 +0.0390 +0.0415 -0.0020 -0.0534 -0.0180 -0.0097 +0.0408 -0.0047 +0.0199 +0.0680 +0.1478 +0.0789 -0.1975 -0.1605 -0.0597 -0.0802 +0.0817 -0.0231 -0.0342 -0.1330 -0.0586 +0.0017 -0.0232 +0.0000 +0.0000 +0.0000 +0.0000 +0.0000 +0.0000

Joint Torques (tau) [35]:
  -7.7853 +0.6123 -2.4814 -7.6010 +3.1147 -0.6643 +4.8553 +1.8696 +0.5839 +5.4891 +14.5015 +1.1251 +0.4457 +4.2508 +1.2287 -1.3747 +2.3016 +0.4624 -0.4631 +0.0066 +0.0262 +0.1521 +0.5431 -0.2299 +0.1971 +0.5596 +0.4142 +0.3245 +1.1924 +0.0000 +0.0000 +0.0000 +0.0000 +0.0000 +0.0000
