Step: 15518
Timestamp: 1779743589.8622267

Joint Positions (q) [35]:
  +0.0732 +0.0189 +0.0455 +0.2044 -0.2493 +0.0115 -0.0637 -0.0943 -0.3323 +0.2782 -0.1649 +0.0177 +0.0304 -0.0097 +0.0132 +0.0180 +0.3125 -0.6930 +1.1303 +0.2391 +0.2042 -0.0677 +0.0149 -0.2900 +0.7169 +1.1758 -0.2054 +0.2139 +0.0425 +0.0000 +0.0000 +0.0000 +0.0000 +0.0000 +0.0000

Joint Velocities (dq) [35]:
  +0.2505 +0.0245 -0.0372 -0.0558 -0.0299 -0.0478 +0.2692 +0.0316 -0.0347 -0.0812 +0.0766 +0.0260 +0.0682 +0.0054 +0.1329 -0.1747 -0.1233 -0.0012 +0.2206 -0.1381 +0.1160 -0.0278 +0.0384 -0.0667 +0.0323 +0.0240 -0.0000 -0.1672 +0.0098 +0.0000 +0.0000 +0.0000 +0.0000 +0.0000 +0.0000

Joint Torques (tau) [35]:
  -10.7639 +3.3796 +1.1722 -7.2376 +11.5004 -0.8789 +12.7334 +6.3606 +0.6835 +6.5577 +16.6041 +0.6643 -0.6921 +2.3694 -2.7925 -2.4718 +1.2593 +0.5978 -1.0100 -0.0391 -0.1814 +0.4310 -1.8092 -2.0578 -0.5566 -0.7966 -0.1906 -0.2126 -0.4461 +0.0000 +0.0000 +0.0000 +0.0000 +0.0000 +0.0000
