Step: 11857
Timestamp: 1779743181.6074326

Joint Positions (q) [35]:
  +0.0449 +0.0526 +0.1632 +0.1943 -0.2210 -0.0114 -0.0295 -0.0777 -0.3632 +0.2410 -0.1818 +0.0059 +0.0177 +0.0150 +0.0058 +0.0005 +0.3084 -0.7154 +1.1339 +0.2347 +0.1989 -0.0244 +0.0153 -0.2706 +0.7081 +1.1923 -0.2593 +0.2119 -0.0601 +0.0000 +0.0000 +0.0000 +0.0000 +0.0000 +0.0000

Joint Velocities (dq) [35]:
  +0.0198 -0.0161 -0.0527 -0.0745 -0.0205 +0.0282 +0.0093 -0.0084 -0.0458 +0.0000 -0.0776 -0.0125 +0.0100 -0.0596 +0.0378 +0.0017 +0.0627 +0.1147 -0.0745 +0.0029 +0.0200 -0.1040 -0.0320 +0.0458 -0.0505 +0.0073 -0.1723 -0.0055 +0.0534 +0.0000 +0.0000 +0.0000 +0.0000 +0.0000 +0.0000

Joint Torques (tau) [35]:
  -2.5956 +3.3407 -2.0719 -0.8842 +11.2912 -0.3274 +4.2609 -2.5565 +2.4303 +2.9857 +17.2660 +0.4745 -0.0641 -0.8277 -2.8459 -1.5985 +1.1585 +0.3853 -0.7839 -0.1407 -0.0381 +0.0072 -1.8212 -1.1651 -0.4180 -0.8692 +0.0572 -0.1045 -0.2703 +0.0000 +0.0000 +0.0000 +0.0000 +0.0000 +0.0000
