Step: 14566
Timestamp: 1779743483.7623398

Joint Positions (q) [35]:
  +0.0586 +0.0317 +0.0858 +0.1839 -0.2306 +0.0274 -0.0238 -0.0759 -0.3362 +0.1936 -0.0857 +0.0344 +0.0211 +0.0053 +0.0107 +0.0098 +0.3087 -0.7326 +1.1315 +0.2271 +0.1957 -0.0462 +0.0110 -0.2837 +0.7329 +1.1636 -0.2898 +0.1930 -0.0050 +0.0000 +0.0000 +0.0000 +0.0000 +0.0000 +0.0000

Joint Velocities (dq) [35]:
  -0.0422 +0.0011 +0.0173 -0.0796 +0.0078 +0.0213 -0.0526 +0.0259 +0.0464 -0.1346 +0.0330 +0.0449 -0.0029 +0.0550 -0.0292 -0.0234 -0.0541 +0.0160 +0.0699 +0.0807 -0.0431 +0.0562 +0.0378 -0.0774 -0.1251 -0.1669 -0.1831 +0.0015 -0.0601 +0.0000 +0.0000 +0.0000 +0.0000 +0.0000 +0.0000

Joint Torques (tau) [35]:
  -8.3932 +6.8463 -0.6664 -5.0990 +11.9614 -1.0850 +11.8067 +4.7173 -0.0732 +12.0762 +14.4573 +0.0974 -0.3652 +1.1899 -3.7841 -2.4375 +0.8954 +0.5861 -1.3052 -0.1116 -0.2952 +0.3020 -1.7083 -1.1859 -0.4664 -0.8963 +0.1504 -0.1335 -0.2103 +0.0000 +0.0000 +0.0000 +0.0000 +0.0000 +0.0000
