Step: 14534
Timestamp: 1779743480.1560664

Joint Positions (q) [35]:
  +0.0820 +0.0254 +0.0832 +0.1828 -0.2259 +0.0131 -0.0070 -0.0852 -0.3401 +0.2061 -0.1257 +0.0183 +0.0382 +0.0038 +0.0015 +0.0187 +0.3327 -0.7257 +1.1213 +0.1951 +0.1467 -0.0536 +0.0454 -0.2921 +0.7538 +1.1675 -0.2002 +0.1691 +0.0129 +0.0000 +0.0000 +0.0000 +0.0000 +0.0000 +0.0000

Joint Velocities (dq) [35]:
  +0.4443 -0.0084 +0.1170 -0.2567 -0.0417 +0.0016 +0.1710 -0.0205 +0.1290 +0.1979 -0.1368 +0.0578 +0.1901 -0.0362 -0.0703 +0.2784 -0.0514 +0.2582 -0.0389 -0.1221 -0.0555 +0.0439 +0.0215 +0.0791 -0.0335 +0.2266 +0.0820 +0.0076 +0.1015 +0.0000 +0.0000 +0.0000 +0.0000 +0.0000 +0.0000

Joint Torques (tau) [35]:
  -8.6891 +2.2771 -1.0952 -4.8004 +11.1254 -1.3475 +7.4123 +5.1938 -0.0505 +7.9435 +12.3840 +0.7906 -0.0452 -1.7459 +0.0479 -1.1428 +1.1506 +0.2279 -0.0579 +0.0127 +0.2968 -0.0212 -1.7992 -1.9396 -0.4956 -0.4517 +0.0681 +0.0347 -0.1348 +0.0000 +0.0000 +0.0000 +0.0000 +0.0000 +0.0000
