Step: 3806
Timestamp: 1779742285.2179806

Joint Positions (q) [35]:
  +0.0673 +0.0665 +0.1788 +0.2039 -0.2428 -0.0265 -0.0132 -0.0544 -0.2575 +0.2371 -0.1903 +0.0082 +0.0171 +0.0189 +0.0019 -0.0131 +0.2975 -0.6669 +1.1249 +0.3161 +0.2198 +0.0201 +0.0297 -0.2649 +0.6848 +1.1776 -0.2960 +0.2227 -0.0874 +0.0000 +0.0000 +0.0000 +0.0000 +0.0000 +0.0000

Joint Velocities (dq) [35]:
  -0.0394 +0.0179 +0.1376 -0.0511 -0.0113 -0.0121 -0.1600 +0.0281 +0.1324 +0.0510 +0.0964 -0.0865 +0.0970 +0.0452 +0.0015 -0.1067 -0.0483 +0.1500 +0.2310 -0.2917 +0.1104 +0.0016 -0.0512 -0.0496 -0.1750 +0.0070 +0.0024 +0.0333 -0.0006 +0.0000 +0.0000 +0.0000 +0.0000 +0.0000 +0.0000

Joint Torques (tau) [35]:
  -2.9153 -0.5944 -0.8626 -1.0271 +12.6943 -0.2610 +4.1950 +4.1866 -1.4152 +7.8982 +22.3254 +0.9520 +0.0499 -0.0938 -3.1599 -2.2717 +0.3322 +0.5703 -1.4361 -0.2798 -0.2825 +0.2979 -2.6350 -1.1403 -0.6237 -1.3719 +0.1553 -0.2773 -0.3383 +0.0000 +0.0000 +0.0000 +0.0000 +0.0000 +0.0000
