Step: 15410
Timestamp: 1779743577.861949

Joint Positions (q) [35]:
  +0.0296 +0.0346 +0.0519 +0.2446 -0.2837 +0.0119 -0.0898 -0.0773 -0.3264 +0.2706 -0.1699 +0.0227 -0.0257 -0.0006 +0.0106 +0.0379 +0.3267 -0.7284 +1.1277 +0.2790 +0.2054 -0.0936 +0.0114 -0.2983 +0.7023 +1.1386 -0.2689 +0.1615 -0.0409 +0.0000 +0.0000 +0.0000 +0.0000 +0.0000 +0.0000

Joint Velocities (dq) [35]:
  +0.0919 +0.0682 -0.0251 -0.2330 +0.2147 -0.0825 +0.1016 +0.0977 -0.0495 -0.2220 +0.1598 -0.0236 -0.0015 +0.1364 -0.1159 +0.0801 -0.1126 +0.0542 -0.0485 +0.1412 +0.0012 +0.0206 +0.1907 -0.1115 +0.0009 -0.2413 -0.0853 +0.0092 +0.0024 +0.0000 +0.0000 +0.0000 +0.0000 +0.0000 +0.0000

Joint Torques (tau) [35]:
  -11.5907 +2.5579 +2.4891 -5.8581 +14.6215 -0.7592 +16.5827 +1.3126 +0.5793 +12.3562 +21.9537 +0.2011 -0.5180 +4.1881 -4.4783 -3.1640 +1.7133 +0.7776 -1.7817 +0.0416 -0.5767 +0.8594 -1.0897 -0.7256 -0.4013 -0.1578 +0.2490 +0.3382 +0.0272 +0.0000 +0.0000 +0.0000 +0.0000 +0.0000 +0.0000
