Step: 2801
Timestamp: 1779742173.1323504

Joint Positions (q) [35]:
  +0.0100 +0.0558 +0.2064 +0.2179 -0.2070 -0.0093 +0.0282 -0.0655 -0.3417 +0.1829 -0.1761 +0.0282 +0.0216 +0.0089 +0.0037 +0.0089 +0.3116 -0.6717 +1.0922 +0.3069 +0.2169 -0.0198 +0.0374 -0.2763 +0.6780 +1.1453 -0.2854 +0.2369 -0.1151 +0.0000 +0.0000 +0.0000 +0.0000 +0.0000 +0.0000

Joint Velocities (dq) [35]:
  -0.0314 +0.0068 +0.0006 +0.0625 -0.0705 -0.0015 -0.0166 -0.0056 -0.0040 +0.0125 +0.0783 +0.0106 +0.0113 +0.0276 -0.0050 +0.0448 +0.0000 +0.0873 -0.0441 -0.0178 +0.0207 +0.0848 +0.0382 -0.0333 -0.0606 -0.0469 -0.0021 -0.0236 -0.0096 +0.0000 +0.0000 +0.0000 +0.0000 +0.0000 +0.0000

Joint Torques (tau) [35]:
  -0.2066 +2.7047 -2.2173 -1.5449 +9.2701 -0.1831 +1.1205 -0.1600 +0.3213 +5.3690 +14.8044 +0.7790 -0.0666 -0.3731 -2.5246 -1.8250 +0.1883 +0.4895 -1.3638 -0.2944 -0.3347 +0.2069 -1.4070 -0.2860 -0.2996 -1.0707 +0.1465 -0.2412 -0.2064 +0.0000 +0.0000 +0.0000 +0.0000 +0.0000 +0.0000
