Step: 2916
Timestamp: 1779742185.9142597

Joint Positions (q) [35]:
  +0.0322 +0.0400 +0.1746 +0.1755 -0.2171 +0.0049 +0.0510 -0.0714 -0.3484 +0.1798 -0.1640 +0.0451 +0.0132 +0.0145 +0.0053 -0.0085 +0.3144 -0.7558 +1.1061 +0.2704 +0.2007 -0.0211 +0.0223 -0.2918 +0.7324 +1.1517 -0.2573 +0.2112 -0.0789 +0.0000 +0.0000 +0.0000 +0.0000 +0.0000 +0.0000

Joint Velocities (dq) [35]:
  +0.0368 +0.0061 -0.0189 -0.0338 -0.0273 -0.0133 +0.0077 +0.0029 -0.0243 +0.0182 +0.1186 -0.0243 +0.0205 +0.0204 -0.0469 -0.0105 -0.0174 -0.0327 -0.0311 +0.0759 +0.0741 -0.0428 +0.0877 -0.0000 +0.0108 -0.0729 +0.0324 +0.0942 -0.0595 +0.0000 +0.0000 +0.0000 +0.0000 +0.0000 +0.0000

Joint Torques (tau) [35]:
  +2.4135 +6.3902 -2.1462 +3.9946 +18.6875 -0.2225 +0.3679 -0.1523 -0.1070 +7.3806 +17.6125 +0.1388 -0.0538 +0.2471 -3.1944 -1.0978 +1.1711 +0.3434 -0.7104 -0.0921 -0.0911 +0.0679 -0.8885 -0.8075 -0.2885 -0.7348 +0.1333 -0.1327 -0.0994 +0.0000 +0.0000 +0.0000 +0.0000 +0.0000 +0.0000
