Step: 1340
Timestamp: 1779742010.912565

Joint Positions (q) [35]:
  +0.0850 +0.0646 +0.1461 +0.1886 -0.2387 -0.0256 +0.0009 -0.0888 -0.3615 +0.2268 -0.1618 +0.0488 -0.0033 +0.0197 +0.0079 +0.0783 +0.3491 -0.6575 +1.0026 +0.2845 +0.1895 -0.2050 +0.0713 -0.2913 +0.5874 +1.1293 -0.2970 +0.1870 +0.0371 +0.0000 +0.0000 +0.0000 +0.0000 +0.0000 +0.0000

Joint Velocities (dq) [35]:
  -0.1343 +0.0438 -0.0630 +0.0460 -0.0099 -0.0350 -0.0754 +0.0390 -0.0511 -0.0690 +0.2703 -0.0144 -0.0529 -0.0376 +0.0190 -0.1697 +0.0069 -0.1539 +0.1111 -0.0238 +0.0729 +0.2006 +0.0285 +0.0246 +0.2346 -0.0711 -0.0457 +0.1271 -0.0553 +0.0000 +0.0000 +0.0000 +0.0000 +0.0000 +0.0000

Joint Torques (tau) [35]:
  -4.0282 -1.1274 -1.6881 -1.1287 +12.0241 -0.6412 +5.7052 +5.3278 -1.0867 +8.8939 +16.6065 +0.2569 +0.4785 +0.4311 -2.1630 -0.9145 +1.7693 +0.4912 -0.6155 -0.2660 -0.0132 +0.1914 -1.4070 -1.6605 -0.3920 -0.5998 -0.1695 +0.0620 -0.1347 +0.0000 +0.0000 +0.0000 +0.0000 +0.0000 +0.0000
