Step: 12310
Timestamp: 1779743232.1761022

Joint Positions (q) [35]:
  +0.0422 +0.0599 +0.1577 +0.2210 -0.2375 -0.0134 -0.0202 -0.0665 -0.3301 +0.2353 -0.1800 +0.0092 +0.0227 +0.0175 +0.0069 +0.0116 +0.2977 -0.7020 +1.1074 +0.2889 +0.2287 -0.0469 +0.0317 -0.2678 +0.7186 +1.1688 -0.2780 +0.2322 -0.0619 +0.0000 +0.0000 +0.0000 +0.0000 +0.0000 +0.0000

Joint Velocities (dq) [35]:
  -0.0012 +0.0015 +0.0148 -0.0109 -0.0361 +0.0247 -0.0014 +0.0077 +0.0092 -0.0378 +0.0855 +0.0004 +0.0093 +0.0022 -0.0030 +0.0109 +0.0030 +0.0207 -0.0352 +0.1089 -0.0072 -0.0104 +0.0083 +0.0053 -0.0398 +0.0072 -0.0365 -0.0166 -0.0349 +0.0000 +0.0000 +0.0000 +0.0000 +0.0000 +0.0000

Joint Torques (tau) [35]:
  -4.3155 +1.3891 -0.7320 -3.5925 +9.3633 -0.3767 +5.5669 +0.9852 +0.6576 +5.6662 +18.8180 +0.8023 -0.4103 -0.1968 -3.0159 -2.6576 +0.7204 +0.6320 -1.5491 -0.1351 -0.3348 +0.4415 -1.5174 -0.5143 -0.3349 -1.0142 +0.1294 -0.1792 -0.2119 +0.0000 +0.0000 +0.0000 +0.0000 +0.0000 +0.0000
