Step: 6151
Timestamp: 1779742546.6123102

Joint Positions (q) [35]:
  +0.0420 +0.0137 +0.1222 +0.2245 -0.2023 +0.0045 +0.1226 -0.0635 -0.3412 +0.1991 -0.2167 +0.0478 +0.0234 +0.0100 +0.0139 +0.0206 +0.3008 -0.6737 +1.1296 +0.2882 +0.1733 -0.0998 +0.0614 -0.2985 +0.6814 +1.1417 -0.2416 +0.1819 +0.0573 +0.0000 +0.0000 +0.0000 +0.0000 +0.0000 +0.0000

Joint Velocities (dq) [35]:
  -0.2263 -0.0455 -0.0369 +0.0049 +0.0323 +0.0471 -0.1463 -0.0320 -0.1044 -0.1237 +0.1225 +0.0306 -0.0743 +0.0186 -0.0099 -0.0187 +0.0139 -0.1440 -0.1106 +0.1092 +0.0617 +0.0601 -0.2068 -0.1623 +0.0262 -0.0170 +0.0815 -0.0996 +0.0187 +0.0000 +0.0000 +0.0000 +0.0000 +0.0000 +0.0000

Joint Torques (tau) [35]:
  -0.3184 +8.6869 -4.7729 -3.2201 +7.7771 +0.0643 -1.4532 -3.1634 +0.4797 +5.4842 +17.0323 +0.2304 -0.2192 -0.5704 -1.3056 -2.0924 +1.2575 +0.5498 -1.1118 -0.1487 -0.2073 +0.1833 -1.1220 -1.7067 -0.3515 -0.4137 +0.0239 +0.0512 -0.1172 +0.0000 +0.0000 +0.0000 +0.0000 +0.0000 +0.0000
