Step: 12072
Timestamp: 1779743205.530671

Joint Positions (q) [35]:
  +0.0444 +0.0564 +0.1615 +0.2160 -0.2362 -0.0090 -0.0209 -0.0727 -0.3562 +0.2354 -0.1781 +0.0086 +0.0180 +0.0066 +0.0065 +0.0211 +0.2989 -0.6758 +1.1165 +0.2809 +0.2239 -0.0327 +0.0276 -0.2597 +0.6948 +1.1802 -0.2969 +0.2188 -0.0679 +0.0000 +0.0000 +0.0000 +0.0000 +0.0000 +0.0000

Joint Velocities (dq) [35]:
  +0.0076 +0.0167 +0.0249 +0.0303 -0.0764 +0.0242 +0.0223 +0.0223 +0.0197 -0.0425 +0.0703 +0.0010 +0.0321 +0.0401 +0.0150 -0.0230 -0.0301 -0.0256 -0.0196 +0.0200 +0.0726 -0.0193 -0.0045 -0.0370 +0.0453 -0.0179 +0.0299 +0.0023 +0.0359 +0.0000 +0.0000 +0.0000 +0.0000 +0.0000 +0.0000

Joint Torques (tau) [35]:
  -3.7772 +2.7915 -0.7201 -2.7922 +10.8866 -0.4364 +5.4418 +0.5632 +1.1914 +5.8026 +18.8371 +0.6041 -0.8648 +0.8342 -3.2034 -2.8852 +0.7518 +0.5461 -1.6671 -0.0600 -0.4677 +0.4217 -1.2645 -0.4680 -0.2775 -0.9410 +0.1447 -0.1829 -0.1634 +0.0000 +0.0000 +0.0000 +0.0000 +0.0000 +0.0000
