Step: 13143
Timestamp: 1779743325.1178052

Joint Positions (q) [35]:
  +0.0594 +0.0355 +0.1214 +0.1970 -0.2323 -0.0055 -0.0119 -0.0934 -0.3467 +0.2663 -0.2111 +0.0259 +0.0062 -0.0048 +0.0055 +0.0282 +0.3025 -0.6894 +1.1205 +0.2844 +0.2060 -0.0269 +0.0317 -0.2829 +0.6764 +1.1431 -0.2917 +0.1943 -0.0753 +0.0000 +0.0000 +0.0000 +0.0000 +0.0000 +0.0000

Joint Velocities (dq) [35]:
  -0.0462 +0.0379 +0.0048 +0.0448 -0.0331 +0.0960 -0.0204 +0.0443 +0.0068 -0.0274 +0.0803 +0.0089 +0.0026 +0.0487 -0.0240 -0.0439 +0.0066 -0.1722 -0.0337 -0.0298 +0.0365 -0.0162 +0.0122 -0.0590 +0.1257 -0.0929 +0.0355 +0.0526 +0.0038 +0.0000 +0.0000 +0.0000 +0.0000 +0.0000 +0.0000

Joint Torques (tau) [35]:
  -6.4541 +3.5287 +0.7139 -3.6440 +10.8268 -0.3356 +7.7937 +1.3632 -0.5693 +8.2482 +22.1991 +0.5594 -0.4134 +1.1693 -2.3203 -2.0530 +1.1284 +0.5020 -1.2304 -0.1133 -0.2598 +0.1643 -0.9120 -0.6617 -0.3711 -0.5741 +0.2534 +0.0542 -0.0389 +0.0000 +0.0000 +0.0000 +0.0000 +0.0000 +0.0000
