Step: 3466
Timestamp: 1779742247.471464

Joint Positions (q) [35]:
  +0.0824 +0.0556 +0.1937 +0.1780 -0.2351 -0.0016 +0.0064 -0.0619 -0.3154 +0.1825 -0.1310 +0.0061 -0.0210 +0.0018 +0.0019 -0.0127 +0.3258 -0.6916 +1.1145 +0.2912 +0.1927 +0.0223 -0.0203 -0.2949 +0.6698 +1.1222 -0.3518 +0.1706 -0.2487 +0.0000 +0.0000 +0.0000 +0.0000 +0.0000 +0.0000

Joint Velocities (dq) [35]:
  -0.0462 +0.0571 -0.0124 +0.0357 -0.0443 -0.0318 -0.0178 +0.0515 -0.0569 -0.0389 +0.1266 -0.0283 -0.0027 +0.0312 -0.0029 -0.0244 +0.0112 +0.0223 -0.0199 +0.0307 -0.0080 -0.0737 -0.0688 +0.0266 +0.0633 +0.1000 -0.0090 -0.0071 -0.0004 +0.0000 +0.0000 +0.0000 +0.0000 +0.0000 +0.0000

Joint Torques (tau) [35]:
  -5.1833 +5.0117 -2.1082 -3.4810 +11.0169 -0.4396 +4.8384 +1.8994 -0.5904 +9.2625 +17.8619 +0.7237 +0.0042 +3.9469 -0.3460 -1.9160 +0.3405 +0.4488 -1.2963 -0.2224 -0.3037 +0.2356 +0.6328 +0.0959 +0.2121 +0.6009 +0.4527 +0.2626 +1.3346 +0.0000 +0.0000 +0.0000 +0.0000 +0.0000 +0.0000
