Step: 7112
Timestamp: 1779742653.8651762

Joint Positions (q) [35]:
  -0.0954 -0.0230 +0.1474 +0.2897 -0.1505 +0.0374 +0.1558 -0.0756 -0.3755 +0.1949 -0.2882 +0.0326 +0.0674 -0.0167 +0.0087 +0.0779 +0.3154 -0.6606 +1.0849 +0.2038 +0.2085 -0.1848 +0.0471 -0.2833 +0.6842 +1.1568 -0.2694 +0.2035 +0.0165 +0.0000 +0.0000 +0.0000 +0.0000 +0.0000 +0.0000

Joint Velocities (dq) [35]:
  -0.1408 +0.0099 -0.0763 -0.0770 +0.0413 -0.0134 -0.1067 +0.0425 -0.0960 -0.1271 +0.2466 +0.0932 +0.0121 +0.0785 -0.0012 -0.0930 -0.0070 +0.1054 -0.3632 +0.2353 -0.0485 +0.2013 -0.0042 -0.1216 +0.0455 -0.1949 -0.1000 -0.0103 -0.0145 +0.0000 +0.0000 +0.0000 +0.0000 +0.0000 +0.0000

Joint Torques (tau) [35]:
  +8.3609 +6.5770 -4.1582 +0.7958 +7.6235 +0.2402 -8.9978 -5.6394 +1.7813 -1.3146 +13.1813 +0.8267 -0.4992 +0.0097 -2.4667 -1.6382 +1.5678 +0.4027 -0.8988 +0.0777 -0.1764 +0.1080 -1.6738 -1.1488 -0.4325 -0.8927 -0.0149 -0.1354 -0.2593 +0.0000 +0.0000 +0.0000 +0.0000 +0.0000 +0.0000
