Step: 15832
Timestamp: 1779743625.0027807

Joint Positions (q) [35]:
  +0.0553 +0.0227 +0.0287 +0.2079 -0.2426 +0.0026 -0.0715 -0.0927 -0.3495 +0.2766 -0.1644 +0.0091 -0.0147 +0.0417 +0.0104 +0.0164 +0.3167 -0.6987 +1.0862 +0.2802 +0.2003 -0.1387 +0.0594 -0.2972 +0.6542 +1.1500 -0.1857 +0.2041 +0.0376 +0.0000 +0.0000 +0.0000 +0.0000 +0.0000 +0.0000

Joint Velocities (dq) [35]:
  +0.0020 -0.0134 -0.0775 -0.0988 -0.0007 +0.0264 +0.0173 -0.0091 -0.0771 -0.0562 -0.0470 +0.0056 +0.0290 -0.1034 -0.0344 +0.0018 +0.0628 +0.0112 -0.1084 +0.1620 +0.0236 -0.0836 +0.0555 -0.0298 +0.0794 -0.1592 -0.0499 -0.0112 +0.0337 +0.0000 +0.0000 +0.0000 +0.0000 +0.0000 +0.0000

Joint Torques (tau) [35]:
  -5.8580 +2.4884 +0.5239 -3.1783 +11.2308 -0.7712 +7.7335 +1.7266 -0.3617 +4.2515 +15.4463 +0.3338 -0.1654 -1.2312 -2.9396 -2.0186 +1.8657 +0.5235 -0.9651 +0.0941 -0.1663 +0.2817 -1.2133 -1.5414 -0.3808 -0.6540 +0.0486 -0.0488 -0.0604 +0.0000 +0.0000 +0.0000 +0.0000 +0.0000 +0.0000
