Step: 4431
Timestamp: 1779742355.1348786

Joint Positions (q) [35]:
  +0.0768 +0.0606 +0.1689 +0.1827 -0.2364 -0.0245 -0.0120 -0.0614 -0.3097 +0.2304 -0.1866 +0.0080 +0.0143 +0.0230 +0.0070 -0.0325 +0.3058 -0.7510 +1.1277 +0.2008 +0.1888 -0.0140 -0.0015 -0.2974 +0.7606 +1.1746 -0.2192 +0.2029 -0.0606 +0.0000 +0.0000 +0.0000 +0.0000 +0.0000 +0.0000

Joint Velocities (dq) [35]:
  +0.0029 +0.0177 +0.0939 -0.0722 +0.0081 -0.0011 -0.0161 +0.0523 +0.0825 -0.1444 +0.1667 -0.0368 -0.0125 -0.0085 +0.0039 -0.0435 -0.1606 -0.0360 -0.0151 -0.0542 -0.0353 +0.0337 +0.0252 -0.0066 +0.0310 -0.0725 +0.0032 +0.0337 -0.0466 +0.0000 +0.0000 +0.0000 +0.0000 +0.0000 +0.0000

Joint Torques (tau) [35]:
  -3.0094 +2.0033 -1.7952 -0.1534 +13.9610 -0.3202 +5.0299 +0.4477 +0.3023 +7.3929 +20.8756 +0.6997 +0.1960 +0.5374 -2.8041 -1.2521 +2.0107 +0.3491 -0.3763 +0.0641 +0.0641 +0.1393 -1.2256 -1.0168 -0.3001 -0.6742 +0.0952 -0.1032 -0.0690 +0.0000 +0.0000 +0.0000 +0.0000 +0.0000 +0.0000
