Step: 5490
Timestamp: 1779742473.0188868

Joint Positions (q) [35]:
  +0.0299 +0.0450 +0.1793 +0.1969 -0.2110 -0.0038 +0.0023 -0.0515 -0.3375 +0.2001 -0.1646 +0.0225 +0.0111 +0.0083 +0.0094 -0.0009 +0.3407 -0.7622 +1.0907 +0.1842 +0.2115 -0.0383 +0.0184 -0.3062 +0.7538 +1.1279 -0.2041 +0.2254 -0.0613 +0.0000 +0.0000 +0.0000 +0.0000 +0.0000 +0.0000

Joint Velocities (dq) [35]:
  -0.0730 +0.0049 -0.0157 +0.0194 -0.0124 -0.0058 -0.0757 -0.0024 -0.0107 +0.0162 +0.1292 -0.0309 -0.0052 +0.0436 -0.0179 -0.0196 -0.0031 -0.0642 -0.0120 -0.0515 +0.0364 +0.0260 +0.0063 -0.0457 +0.0335 -0.0434 +0.0939 +0.0375 -0.0097 +0.0000 +0.0000 +0.0000 +0.0000 +0.0000 +0.0000

Joint Torques (tau) [35]:
  -2.5071 +8.5150 -3.2622 -3.5754 +7.9331 +0.1113 +4.3441 -4.3982 +0.8235 +7.9060 +16.6929 -0.0154 +0.0513 +0.2467 -3.2039 -1.4282 +1.1907 +0.4206 -0.8637 -0.1470 -0.1318 +0.0945 -1.2875 -1.0339 -0.3497 -0.8036 +0.1053 -0.1083 -0.1933 +0.0000 +0.0000 +0.0000 +0.0000 +0.0000 +0.0000
