Step: 7441
Timestamp: 1779742690.3783987

Joint Positions (q) [35]:
  -0.1301 -0.0138 +0.1888 +0.2821 -0.1250 +0.0480 +0.1319 -0.0772 -0.4084 +0.2007 -0.2868 +0.0109 +0.0258 -0.0031 +0.0036 -0.0038 +0.3154 -0.7194 +1.0894 +0.3211 +0.1936 -0.0690 +0.0459 -0.2912 +0.6852 +1.1369 -0.2780 +0.2024 -0.0663 +0.0000 +0.0000 +0.0000 +0.0000 +0.0000 +0.0000

Joint Velocities (dq) [35]:
  +0.0341 +0.0649 -0.0136 +0.0192 -0.0521 -0.0551 +0.0892 +0.0890 -0.0020 -0.1482 +0.1748 -0.0430 +0.0774 -0.0124 +0.0684 -0.0180 -0.0416 -0.0232 -0.0521 +0.3351 -0.0584 -0.0468 +0.0128 -0.0425 +0.0675 -0.0993 -0.0540 -0.0606 +0.0030 +0.0000 +0.0000 +0.0000 +0.0000 +0.0000 +0.0000

Joint Torques (tau) [35]:
  +11.1169 +9.2309 -5.9625 +2.9689 +7.9083 +0.0980 -13.6826 -12.2387 +1.3225 -6.9457 +10.9844 +0.9254 -0.2046 +0.1992 -1.0892 -1.4679 +1.3386 +0.4402 -0.7279 -0.1323 -0.0580 +0.0858 -1.1102 -1.0774 -0.2815 -0.6887 +0.0270 -0.0720 -0.1402 +0.0000 +0.0000 +0.0000 +0.0000 +0.0000 +0.0000
