Step: 15480
Timestamp: 1779743585.46817

Joint Positions (q) [35]:
  +0.0666 +0.0383 +0.0226 +0.1977 -0.2413 -0.0059 -0.0395 -0.0691 -0.3594 +0.2245 -0.1456 +0.0045 +0.0059 +0.0267 +0.0116 +0.0033 +0.2930 -0.6938 +1.1304 +0.3046 +0.2251 -0.1135 +0.0298 -0.2679 +0.6758 +1.1781 -0.2904 +0.2213 -0.0018 +0.0000 +0.0000 +0.0000 +0.0000 +0.0000 +0.0000

Joint Velocities (dq) [35]:
  -0.0379 -0.0210 -0.0866 +0.0526 -0.0661 +0.0238 +0.0150 -0.0330 -0.0815 +0.0280 -0.0909 +0.0081 -0.0892 +0.0234 -0.0465 -0.0541 +0.0548 -0.1926 +0.0289 -0.1429 -0.0505 -0.1525 -0.0502 -0.0283 +0.0519 +0.0839 +0.2093 -0.0198 +0.0900 +0.0000 +0.0000 +0.0000 +0.0000 +0.0000 +0.0000

Joint Torques (tau) [35]:
  -9.7609 +1.2520 +0.6260 -5.4557 +10.3131 -0.6307 +12.0828 +0.7818 +0.8338 +7.3286 +15.6156 +0.4631 +0.5354 -0.2776 -2.9580 -1.5925 +1.4314 +0.3724 -0.8239 +0.0935 -0.1109 +0.2797 -1.4818 -1.0422 -0.2406 -0.8123 -0.0256 -0.0703 -0.1945 +0.0000 +0.0000 +0.0000 +0.0000 +0.0000 +0.0000
