Step: 13018
Timestamp: 1779743311.2283697

Joint Positions (q) [35]:
  +0.0577 +0.0426 +0.1343 +0.2093 -0.2358 -0.0106 -0.0200 -0.0901 -0.3459 +0.2804 -0.2137 +0.0159 +0.0021 -0.0007 +0.0052 +0.0125 +0.3049 -0.7357 +1.1242 +0.2590 +0.2205 -0.0474 +0.0176 -0.2921 +0.7153 +1.1304 -0.2852 +0.2087 -0.0616 +0.0000 +0.0000 +0.0000 +0.0000 +0.0000 +0.0000

Joint Velocities (dq) [35]:
  -0.0908 +0.0466 -0.0626 +0.0337 -0.0236 -0.0032 +0.0158 +0.0657 -0.0665 -0.1576 +0.1714 -0.0351 -0.0420 +0.0450 -0.0424 -0.0046 +0.1042 -0.0955 -0.1137 -0.1273 -0.0582 -0.0855 -0.0386 -0.0162 +0.1107 +0.0548 +0.0927 -0.0195 -0.0059 +0.0000 +0.0000 +0.0000 +0.0000 +0.0000 +0.0000

Joint Torques (tau) [35]:
  -6.3491 +3.8822 +0.3111 -4.3636 +9.8989 -0.3280 +6.6109 +0.0919 -0.1180 +6.1945 +21.0756 +0.6038 -0.7717 +1.3367 -1.9135 -2.6694 +1.5006 +0.6723 -1.2153 -0.1641 -0.1947 +0.1898 -0.8092 -0.4825 -0.3392 -0.4502 +0.3468 +0.1204 +0.0799 +0.0000 +0.0000 +0.0000 +0.0000 +0.0000 +0.0000
