Step: 6827
Timestamp: 1779742622.1525106

Joint Positions (q) [35]:
  -0.0845 -0.0129 +0.1683 +0.2488 -0.1472 +0.0427 +0.1063 -0.0801 -0.3748 +0.1720 -0.2366 +0.0399 +0.0342 +0.0063 +0.0044 -0.0171 +0.3139 -0.7421 +1.1016 +0.2745 +0.2007 -0.0023 +0.0154 -0.3018 +0.7349 +1.1577 -0.2453 +0.1884 -0.1538 +0.0000 +0.0000 +0.0000 +0.0000 +0.0000 +0.0000

Joint Velocities (dq) [35]:
  +0.0455 +0.0219 +0.0053 -0.0068 -0.0929 -0.0674 +0.0188 +0.0112 -0.0010 +0.0151 +0.0450 +0.0152 +0.0568 -0.0111 -0.0256 -0.0283 +0.0149 -0.0292 +0.0051 -0.0156 +0.0062 -0.0712 -0.0046 -0.0023 +0.0640 +0.0251 +0.1261 +0.0619 -0.0136 +0.0000 +0.0000 +0.0000 +0.0000 +0.0000 +0.0000

Joint Torques (tau) [35]:
  +7.3784 +8.4444 -3.5149 +1.6311 +11.1752 +0.0448 -6.2409 -1.9683 -0.0439 +1.4670 +12.4415 +0.8543 -0.1104 -0.5289 -3.3799 -1.9868 +0.9470 +0.5393 -1.1403 -0.1846 -0.2371 +0.1493 -1.4515 -0.6974 -0.3347 -0.9556 +0.1195 -0.2308 -0.1226 +0.0000 +0.0000 +0.0000 +0.0000 +0.0000 +0.0000
