Step: 726
Timestamp: 1779741942.5124319

Joint Positions (q) [35]:
  +0.0788 +0.0819 +0.1462 +0.1753 -0.2292 -0.0354 -0.0237 -0.0795 -0.3803 +0.1907 -0.1105 +0.0402 +0.0038 +0.0119 +0.0061 +0.0111 +0.3124 -0.7272 +1.0980 +0.2949 +0.2109 -0.0854 +0.0244 -0.2722 +0.6973 +1.1647 -0.2940 +0.2212 -0.0085 +0.0000 +0.0000 +0.0000 +0.0000 +0.0000 +0.0000

Joint Velocities (dq) [35]:
  -0.0008 +0.0343 -0.0066 +0.0196 -0.0490 -0.0066 +0.0322 +0.0389 -0.0106 -0.0929 +0.2838 +0.0399 +0.0188 +0.0363 -0.0071 +0.0000 +0.0034 +0.0660 -0.0440 +0.1242 -0.0397 -0.0551 +0.0073 -0.0038 +0.0016 +0.0082 -0.0374 +0.0054 +0.0399 +0.0000 +0.0000 +0.0000 +0.0000 +0.0000 +0.0000

Joint Torques (tau) [35]:
  -5.6382 -1.5763 -2.2337 -2.3824 +11.2105 -0.7427 +7.8678 +6.6907 +0.0492 +11.4619 +17.4255 +0.0679 -0.1818 +1.1557 -2.4461 -1.6302 +1.0968 +0.4660 -0.9099 -0.1202 -0.1168 +0.0582 -0.8516 -0.8407 -0.2498 -0.5905 +0.1140 -0.0484 -0.0573 +0.0000 +0.0000 +0.0000 +0.0000 +0.0000 +0.0000
