Step: 4996
Timestamp: 1779742417.6380477

Joint Positions (q) [35]:
  +0.0725 +0.0604 +0.1682 +0.1781 -0.2413 -0.0002 -0.0413 -0.0535 -0.3375 +0.1912 -0.0814 +0.0359 +0.0043 +0.0093 +0.0061 -0.0279 +0.3019 -0.6584 +1.1242 +0.3541 +0.2113 +0.0068 +0.0107 -0.2437 +0.6729 +1.2081 -0.3212 +0.2290 -0.0510 +0.0000 +0.0000 +0.0000 +0.0000 +0.0000 +0.0000

Joint Velocities (dq) [35]:
  -0.0293 +0.0405 -0.0285 +0.0269 -0.0291 +0.0000 -0.0005 +0.0416 -0.0191 -0.0455 +0.0563 -0.0425 +0.0141 +0.0532 -0.0391 -0.0299 -0.0984 +0.0476 +0.1565 +0.0590 +0.0010 +0.0421 -0.0254 +0.0207 -0.0387 +0.0707 -0.1348 +0.0121 +0.0780 +0.0000 +0.0000 +0.0000 +0.0000 +0.0000 +0.0000

Joint Torques (tau) [35]:
  -7.1765 +4.2316 -1.6322 -3.9960 +12.2024 -0.4998 +10.0946 +2.3462 +0.0548 +11.5943 +16.3522 -0.3891 +0.1238 +1.4527 -2.8753 -1.2630 +0.0144 +0.2780 -1.0371 -0.2380 -0.2268 +0.0578 -1.3554 -0.6104 -0.3020 -0.8484 +0.1380 -0.1409 -0.1585 +0.0000 +0.0000 +0.0000 +0.0000 +0.0000 +0.0000
