Step: 14984
Timestamp: 1779743530.2995872

Joint Positions (q) [35]:
  +0.0299 +0.0248 +0.0871 +0.1980 -0.2138 +0.0238 -0.0151 -0.0708 -0.3103 +0.1957 -0.1056 +0.0258 +0.0220 +0.0187 +0.0103 -0.0143 +0.2931 -0.6835 +1.1415 +0.2862 +0.2167 -0.0248 +0.0114 -0.2599 +0.6769 +1.2019 -0.3032 +0.2203 -0.0750 +0.0000 +0.0000 +0.0000 +0.0000 +0.0000 +0.0000

Joint Velocities (dq) [35]:
  +0.1112 +0.0066 -0.0074 -0.0783 -0.0496 -0.0096 +0.0649 +0.0276 +0.1539 -0.0338 -0.1152 -0.0157 +0.0282 +0.0289 -0.0385 -0.0067 +0.0585 -0.2377 -0.0557 -0.1815 -0.0202 -0.1200 -0.0901 +0.0306 +0.1620 +0.1780 +0.0990 +0.0352 +0.0469 +0.0000 +0.0000 +0.0000 +0.0000 +0.0000 +0.0000

Joint Torques (tau) [35]:
  -5.5835 +8.7985 -3.2812 -6.0331 +7.4538 -0.3513 +8.1927 +0.9631 +0.2845 +9.9993 +14.9420 +0.3586 +0.5041 +0.8367 -3.3482 -1.3230 +0.6182 +0.3542 -0.9443 -0.2054 -0.1818 -0.0630 -2.1590 -0.9723 -0.4672 -1.1014 +0.1139 -0.1819 -0.3159 +0.0000 +0.0000 +0.0000 +0.0000 +0.0000 +0.0000
