Step: 14803
Timestamp: 1779743510.2833247

Joint Positions (q) [35]:
  +0.0495 +0.0228 +0.0656 +0.1794 -0.2273 +0.0291 -0.0013 -0.0720 -0.3100 +0.1922 -0.1171 +0.0393 +0.0180 +0.0172 +0.0115 +0.0010 +0.3176 -0.7434 +1.1089 +0.2351 +0.2035 -0.0821 +0.0086 -0.2842 +0.7344 +1.1807 -0.2471 +0.2087 -0.0154 +0.0000 +0.0000 +0.0000 +0.0000 +0.0000 +0.0000

Joint Velocities (dq) [35]:
  -0.0814 +0.0170 -0.0377 +0.0773 -0.0681 +0.0050 -0.0669 +0.0074 -0.0198 +0.0218 -0.0836 -0.0194 -0.0086 -0.0182 -0.0278 -0.0202 +0.1103 -0.1061 -0.0889 -0.1807 -0.0130 -0.0552 -0.0689 +0.0033 +0.1670 +0.0807 +0.1848 +0.0198 -0.0041 +0.0000 +0.0000 +0.0000 +0.0000 +0.0000 +0.0000

Joint Torques (tau) [35]:
  -4.6973 +6.5877 -0.6235 -1.6760 +13.9686 -1.0073 +7.3424 +3.4582 -0.5632 +10.3573 +15.6580 +0.1684 -0.7285 +0.2784 -3.4583 -2.4032 +1.3148 +0.5529 -1.2032 -0.0113 -0.3022 +0.3303 -1.2707 -1.2609 -0.3943 -0.7461 +0.1441 -0.1085 -0.0554 +0.0000 +0.0000 +0.0000 +0.0000 +0.0000 +0.0000
