Step: 1140
Timestamp: 1779741988.5840955

Joint Positions (q) [35]:
  +0.0736 +0.0807 +0.1612 +0.1821 -0.2433 -0.0263 -0.0253 -0.0716 -0.3391 +0.2114 -0.1223 +0.0451 +0.0039 +0.0130 +0.0102 -0.0211 +0.3249 -0.7544 +1.1031 +0.2645 +0.2106 -0.0401 +0.0146 -0.2885 +0.7263 +1.1585 -0.2192 +0.2296 -0.0517 +0.0000 +0.0000 +0.0000 +0.0000 +0.0000 +0.0000

Joint Velocities (dq) [35]:
  -0.0142 +0.0452 +0.0745 -0.0616 +0.0325 -0.0198 -0.0458 +0.0863 +0.1581 -0.1344 +0.2872 -0.0662 -0.0063 +0.0730 +0.0206 -0.0613 -0.0341 +0.0772 -0.0020 +0.2118 -0.0661 -0.0467 -0.0030 +0.0312 -0.0623 +0.0354 -0.1544 +0.0110 -0.0195 +0.0000 +0.0000 +0.0000 +0.0000 +0.0000 +0.0000

Joint Torques (tau) [35]:
  -5.5755 -0.5234 -0.3643 -1.8762 +13.4768 -0.7304 +9.1249 +5.8261 -0.5466 +11.5338 +17.8465 +0.2116 -0.5019 +1.1282 -3.7433 -2.1988 +0.8195 +0.6733 -1.1749 -0.2620 -0.2167 +0.1890 -0.8174 -0.9028 -0.2278 -0.6298 +0.0788 -0.0796 -0.1002 +0.0000 +0.0000 +0.0000 +0.0000 +0.0000 +0.0000
