Step: 15453
Timestamp: 1779743582.6502619

Joint Positions (q) [35]:
  +0.0415 +0.0423 +0.0560 +0.2142 -0.2489 -0.0012 -0.0694 -0.0606 -0.3269 +0.2172 -0.1275 +0.0034 +0.0219 +0.0107 +0.0077 +0.0359 +0.2984 -0.6604 +1.1004 +0.2792 +0.2300 -0.0462 +0.0361 -0.2571 +0.6860 +1.1751 -0.3035 +0.2170 -0.0687 +0.0000 +0.0000 +0.0000 +0.0000 +0.0000 +0.0000

Joint Velocities (dq) [35]:
  +0.0112 +0.0110 -0.0138 +0.0277 -0.0986 +0.0246 +0.0322 +0.0120 -0.0146 -0.0039 -0.1030 +0.0162 +0.0071 -0.0317 -0.0146 +0.0781 -0.0040 +0.0891 -0.0545 +0.0488 +0.0256 +0.0040 +0.0103 +0.0298 -0.0313 +0.0371 +0.0010 -0.0109 -0.0655 +0.0000 +0.0000 +0.0000 +0.0000 +0.0000 +0.0000

Joint Torques (tau) [35]:
  -8.6404 -0.9724 +2.1333 -4.8101 +10.8164 -0.8789 +11.6987 +3.7610 -0.2078 +7.9809 +16.1544 +0.6348 -0.8086 +0.2541 -3.8289 -2.9732 +0.8162 +0.5870 -1.7512 -0.0290 -0.5186 +0.5393 -1.4079 -0.5653 -0.3264 -1.0417 +0.1596 -0.2090 -0.1443 +0.0000 +0.0000 +0.0000 +0.0000 +0.0000 +0.0000
