Step: 11239
Timestamp: 1779743112.5872655

Joint Positions (q) [35]:
  +0.0009 +0.0587 +0.2255 +0.2431 -0.2736 -0.0153 -0.1782 -0.0588 -0.3175 +0.2738 -0.1209 -0.0230 -0.0213 +0.0816 +0.0074 +0.0008 +0.3207 -0.6600 +1.1414 +0.2479 +0.2126 -0.0069 -0.0316 -0.3045 +0.6417 +1.1874 -0.3402 +0.1889 -0.0222 +0.0000 +0.0000 +0.0000 +0.0000 +0.0000 +0.0000

Joint Velocities (dq) [35]:
  -0.3410 -0.0044 -0.0977 +0.0572 +0.1788 +0.0290 -0.1408 +0.0100 -0.1013 -0.2762 +0.2680 -0.0507 -0.0527 +0.4642 +0.0308 -0.0036 -0.2575 +0.3182 -0.2763 +0.0577 +0.0173 -0.1070 -0.0394 -0.2256 -0.3195 +0.0076 +0.0486 +0.0015 -0.0239 +0.0000 +0.0000 +0.0000 +0.0000 +0.0000 +0.0000

Joint Torques (tau) [35]:
  -9.8051 +7.7011 -0.8023 -6.3217 +13.7459 +0.4547 +14.4267 +1.7133 +2.1455 +10.6631 +17.6350 -0.0347 -0.9264 +0.0744 -3.5286 -1.4430 -0.7358 -0.1185 -1.4289 -0.0178 -0.4281 -0.0264 -1.1596 -0.4996 -0.1897 -0.7744 +0.0798 -0.1375 -0.1220 +0.0000 +0.0000 +0.0000 +0.0000 +0.0000 +0.0000
