Step: 15569
Timestamp: 1779743595.5022354

Joint Positions (q) [35]:
  +0.0544 +0.0375 +0.0373 +0.1929 -0.2383 -0.0051 -0.0640 -0.0695 -0.3446 +0.2320 -0.1439 +0.0035 +0.0215 +0.0144 +0.0093 +0.0083 +0.3200 -0.7428 +1.1169 +0.2053 +0.2065 -0.0693 +0.0172 -0.2911 +0.7543 +1.1616 -0.2326 +0.2055 +0.0166 +0.0000 +0.0000 +0.0000 +0.0000 +0.0000 +0.0000

Joint Velocities (dq) [35]:
  -0.0067 +0.0026 +0.0329 -0.0524 -0.0096 +0.0267 +0.0106 +0.0303 +0.0273 -0.1275 +0.0314 -0.0002 -0.0014 +0.0356 -0.0148 -0.0066 -0.0486 -0.0279 +0.0322 +0.0657 +0.0081 +0.0833 +0.0420 -0.0047 -0.0314 -0.0539 -0.0976 +0.0015 -0.1791 +0.0000 +0.0000 +0.0000 +0.0000 +0.0000 +0.0000

Joint Torques (tau) [35]:
  -10.2064 -0.1998 +1.5271 -5.3906 +10.1321 -0.8526 +13.1072 +2.6979 +0.6051 +8.4223 +16.8847 +0.6222 -0.2900 +0.6781 -3.3698 -2.2177 +1.6797 +0.4889 -1.0360 +0.0761 -0.2839 +0.3354 -1.5568 -1.2764 -0.3408 -0.7977 +0.0322 -0.1394 -0.1756 +0.0000 +0.0000 +0.0000 +0.0000 +0.0000 +0.0000
