Step: 6002
Timestamp: 1779742530.1578143

Joint Positions (q) [35]:
  +0.0172 +0.0247 +0.1398 +0.2273 -0.2087 +0.0030 +0.0762 -0.0623 -0.3766 +0.1926 -0.2082 +0.0319 +0.0195 +0.0179 +0.0101 -0.0020 +0.3225 -0.7258 +1.1130 +0.2344 +0.1880 -0.1051 +0.0177 -0.3063 +0.7071 +1.1557 -0.2488 +0.1899 -0.0304 +0.0000 +0.0000 +0.0000 +0.0000 +0.0000 +0.0000

Joint Velocities (dq) [35]:
  -0.0400 +0.0298 -0.0758 +0.0340 -0.0579 -0.0368 -0.0078 +0.0225 -0.0782 +0.0057 +0.1213 +0.0437 -0.0260 -0.0097 +0.0038 +0.0625 +0.1256 -0.0522 -0.2071 -0.0445 -0.0699 -0.0691 +0.0698 -0.1354 +0.0946 -0.2434 +0.1685 -0.0319 +0.0153 +0.0000 +0.0000 +0.0000 +0.0000 +0.0000 +0.0000

Joint Torques (tau) [35]:
  +3.7441 +9.2580 -5.8718 +1.3486 +12.9297 +0.3617 -2.3406 -7.1351 +2.4151 +4.1864 +17.0691 +0.0529 -0.0722 -0.7347 -3.2800 -1.8021 +1.3527 +0.5299 -0.9529 -0.1734 -0.1826 -0.0086 -1.4386 -1.3693 -0.3788 -0.7663 +0.0859 -0.0932 -0.1168 +0.0000 +0.0000 +0.0000 +0.0000 +0.0000 +0.0000
