Step: 400
Timestamp: 1779741906.4220393

Joint Positions (q) [35]:
  +0.0398 +0.1075 +0.0807 +0.3673 -0.3712 -0.0387 -0.2198 -0.0671 -0.3904 +0.2954 +0.0001 -0.0079 -0.0457 +0.0415 +0.0123 +0.0065 +0.2951 -0.6497 +1.1144 +0.2967 +0.2133 +0.0139 +0.0654 -0.2826 +0.6074 +1.1338 -0.2445 +0.1850 -0.1280 +0.0000 +0.0000 +0.0000 +0.0000 +0.0000 +0.0000

Joint Velocities (dq) [35]:
  -0.0271 +0.3860 +0.1086 -0.6370 +0.5516 -0.1599 +0.3310 +0.1730 -0.0218 +2.4450 -1.6645 -0.2098 +0.0787 +0.7027 +0.3669 -0.2876 -0.3191 -0.0362 -0.2370 +0.1760 -0.0851 +0.2194 -0.0468 +0.0712 -0.3931 -0.0114 -0.3765 -0.1395 +0.2494 +0.0000 +0.0000 +0.0000 +0.0000 +0.0000 +0.0000

Joint Torques (tau) [35]:
  -44.3143 +28.1281 +6.1949 -42.0983 +3.1998 +2.5395 +34.2608 -2.5045 +2.9205 +12.8458 +4.1693 +0.2859 +2.6147 +5.2810 +5.0359 -2.6744 +1.1861 +0.3489 -1.3271 +0.0991 -0.2041 +0.2813 -4.9636 -2.7902 -0.6582 -1.4965 -0.1774 -0.1818 -0.4639 +0.0000 +0.0000 +0.0000 +0.0000 +0.0000 +0.0000
