Step: 5391
Timestamp: 1779742461.8570375

Joint Positions (q) [35]:
  +0.0478 +0.0405 +0.1557 +0.1802 -0.2004 -0.0064 +0.0220 -0.0563 -0.3696 +0.1945 -0.1648 +0.0212 +0.0080 +0.0210 +0.0058 -0.0536 +0.3005 -0.7702 +1.1432 +0.3094 +0.1913 -0.0321 +0.0174 -0.2858 +0.7494 +1.1648 -0.2434 +0.2239 -0.0209 +0.0000 +0.0000 +0.0000 +0.0000 +0.0000 +0.0000

Joint Velocities (dq) [35]:
  +0.0653 +0.0629 +0.1277 -0.0060 -0.0718 -0.0247 +0.0087 +0.0612 +0.0497 -0.0469 +0.2112 -0.0012 +0.0026 +0.0508 -0.0689 +0.0875 +0.0423 -0.0613 -0.1099 -0.1086 +0.0054 +0.0096 +0.0023 +0.0072 +0.0110 -0.0217 -0.2106 +0.0571 +0.0821 +0.0000 +0.0000 +0.0000 +0.0000 +0.0000 +0.0000

Joint Torques (tau) [35]:
  +1.2235 +7.0518 -3.3375 -0.1931 +9.1739 +0.0427 +0.2437 -5.2174 +0.2325 +5.7412 +17.3773 +0.0758 +0.2821 +0.1853 -2.7715 -1.3346 +1.0746 +0.3568 -0.6980 -0.1214 -0.1051 +0.0460 -1.3584 -0.8135 -0.3081 -0.7773 +0.1034 -0.1295 -0.1069 +0.0000 +0.0000 +0.0000 +0.0000 +0.0000 +0.0000
