Step: 10583
Timestamp: 1779743039.2590222

Joint Positions (q) [35]:
  +0.1433 +0.0710 +0.1792 +0.1822 -0.2874 -0.0149 -0.0627 -0.0276 -0.2618 +0.2350 -0.1229 -0.0191 +0.0153 +0.0181 +0.0089 +0.0225 +0.3042 -0.6853 +1.1426 +0.2232 +0.2173 -0.0643 +0.0305 -0.2588 +0.7130 +1.2075 -0.2203 +0.2102 -0.0226 +0.0000 +0.0000 +0.0000 +0.0000 +0.0000 +0.0000

Joint Velocities (dq) [35]:
  +0.2051 -0.0241 +0.0006 -0.0604 -0.0552 +0.0103 +0.0820 -0.0463 +0.0043 +0.2039 -0.0973 +0.0453 +0.1743 -0.0063 +0.0246 +0.1334 -0.0596 +0.2322 +0.1124 -0.0207 -0.0008 -0.1809 +0.1320 -0.0004 +0.0647 -0.0242 +0.0198 -0.0458 +0.2677 +0.0000 +0.0000 +0.0000 +0.0000 +0.0000 +0.0000

Joint Torques (tau) [35]:
  -10.6272 -1.0015 -1.5670 -4.2455 +15.1564 -0.8413 +10.9823 +3.3594 -0.7009 +10.6676 +21.4192 +0.3920 +0.3424 +1.4868 -1.4603 -1.3880 +1.9432 +0.3381 -0.4774 +0.0919 +0.0733 +0.1505 -1.5294 -2.4166 -0.3493 -0.4051 -0.0168 +0.0236 -0.1401 +0.0000 +0.0000 +0.0000 +0.0000 +0.0000 +0.0000
