Step: 5614
Timestamp: 1779742486.9370604

Joint Positions (q) [35]:
  +0.0312 +0.0308 +0.1543 +0.1733 -0.1997 +0.0004 +0.0156 -0.0608 -0.3475 +0.1998 -0.1771 +0.0356 +0.0124 +0.0034 +0.0059 -0.0161 +0.3334 -0.7312 +1.1016 +0.2357 +0.2100 -0.0193 +0.0012 -0.2978 +0.7274 +1.1581 -0.1973 +0.2395 -0.0579 +0.0000 +0.0000 +0.0000 +0.0000 +0.0000 +0.0000

Joint Velocities (dq) [35]:
  -0.0052 +0.0235 -0.0220 +0.0156 -0.0053 -0.0425 -0.0026 +0.0250 +0.0284 -0.0042 +0.1133 -0.0297 -0.0040 -0.0044 +0.0276 -0.0378 +0.0105 -0.0060 +0.0046 -0.0236 +0.0416 -0.0777 -0.0234 +0.0179 -0.0196 +0.0144 -0.0219 +0.0452 -0.0327 +0.0000 +0.0000 +0.0000 +0.0000 +0.0000 +0.0000

Joint Torques (tau) [35]:
  +0.5618 +8.8566 -2.5496 -0.9055 +9.8283 +0.2043 +2.5735 -4.9679 +1.0408 +7.8850 +18.3416 +0.0141 -0.1236 +0.0936 -3.4691 -1.5960 +0.9868 +0.4213 -0.9168 -0.1332 -0.1713 +0.1147 -1.2041 -1.0578 -0.4436 -0.6562 +0.0928 -0.0853 -0.0590 +0.0000 +0.0000 +0.0000 +0.0000 +0.0000 +0.0000
