Step: 32
Timestamp: 1779741865.087238

Joint Positions (q) [35]:
  +0.0408 +0.0387 +0.0960 +0.1555 -0.1894 -0.0210 +0.0617 -0.1121 -0.2960 +0.1641 -0.1485 +0.0812 +0.0370 -0.0192 +0.0175 -0.0039 +0.2469 -0.4746 +1.1442 -0.3005 -0.0482 +0.0814 -0.0344 -0.2345 +0.5902 +1.1827 +0.1999 -0.0474 -0.2777 +0.0000 +0.0000 +0.0000 +0.0000 +0.0000 +0.0000

Joint Velocities (dq) [35]:
  +0.1796 +0.0287 +0.0203 -0.1719 +0.0689 -0.0026 +0.0084 +0.0043 -0.0237 +0.1357 -0.0323 -0.0371 -0.0416 -0.1873 -0.0802 +0.1214 +0.1692 -0.0188 +0.0775 -0.5306 -0.1164 -0.0748 -0.0387 +0.0424 +0.0911 +0.0836 -0.0952 -0.0605 +0.0200 +0.0000 +0.0000 +0.0000 +0.0000 +0.0000 +0.0000

Joint Torques (tau) [35]:
  -1.5019 -9.7995 +2.7297 +3.8551 +17.6727 -1.8442 +7.5120 +18.0771 -1.9798 +13.2052 +15.6522 +1.1256 -0.1198 +0.6983 -4.0199 +0.5099 +4.3041 -0.2300 +0.5220 +0.8293 -0.1713 +0.3434 +0.3421 -2.7986 +0.0387 +0.3009 -0.3282 +0.0069 -0.0668 +0.0000 +0.0000 +0.0000 +0.0000 +0.0000 +0.0000
