Step: 12847
Timestamp: 1779743292.2143803

Joint Positions (q) [35]:
  +0.0616 +0.0515 +0.1378 +0.2036 -0.2392 -0.0161 -0.0059 -0.0752 -0.3442 +0.2462 -0.2001 +0.0180 +0.0042 -0.0011 +0.0098 +0.0112 +0.3350 -0.7076 +1.1474 +0.1751 +0.1552 -0.1087 +0.0538 -0.2828 +0.7153 +1.1505 -0.2405 +0.1669 +0.0227 +0.0000 +0.0000 +0.0000 +0.0000 +0.0000 +0.0000

Joint Velocities (dq) [35]:
  +0.1606 +0.0500 -0.0920 -0.0671 +0.0310 +0.0875 +0.2656 +0.0962 -0.0948 -0.2423 +0.2202 -0.0616 +0.0944 -0.0993 +0.3003 -0.1261 +0.1296 +0.0238 +0.0190 -0.1553 -0.0918 +0.0882 +0.0683 +0.1435 -0.0440 +0.0835 +0.1884 -0.0025 +0.1715 +0.0000 +0.0000 +0.0000 +0.0000 +0.0000 +0.0000

Joint Torques (tau) [35]:
  +0.7272 +1.7862 -1.6886 -2.4954 +9.6260 -0.7104 +10.7528 +2.7349 +2.7641 +3.4242 +20.9327 +0.6995 -0.8298 +1.4322 -3.1454 -0.2296 +1.0233 -0.1091 -0.0802 -0.1547 +0.0138 -0.0088 +0.2469 -1.0360 -0.3090 -0.0377 +0.0809 +0.0093 -0.0685 +0.0000 +0.0000 +0.0000 +0.0000 +0.0000 +0.0000
