Step: 15572
Timestamp: 1779743595.802415

Joint Positions (q) [35]:
  +0.0541 +0.0365 +0.0406 +0.1883 -0.2344 -0.0039 -0.0649 -0.0689 -0.3415 +0.2253 -0.1376 +0.0037 +0.0208 +0.0163 +0.0100 +0.0073 +0.3173 -0.7472 +1.1176 +0.2085 +0.2071 -0.0626 +0.0192 -0.2914 +0.7540 +1.1580 -0.2380 +0.2044 -0.0003 +0.0000 +0.0000 +0.0000 +0.0000 +0.0000 +0.0000

Joint Velocities (dq) [35]:
  -0.0059 -0.0109 +0.0185 -0.0501 -0.0095 +0.0246 -0.0170 +0.0016 +0.0176 -0.0443 -0.0195 +0.0014 -0.0148 +0.0093 +0.0004 -0.0036 -0.0116 -0.0398 -0.0186 +0.0009 +0.0120 +0.0531 +0.0133 -0.0101 +0.0159 -0.0410 -0.0266 -0.0137 -0.1354 +0.0000 +0.0000 +0.0000 +0.0000 +0.0000 +0.0000

Joint Torques (tau) [35]:
  -10.3266 +0.0805 +1.5282 -5.4808 +9.9146 -0.8327 +13.2596 +3.4259 +0.4326 +8.6934 +16.6633 +0.6596 -0.2709 +0.2433 -3.3857 -2.2261 +1.5690 +0.4960 -1.0417 +0.0729 -0.2680 +0.3704 -1.5376 -1.2516 -0.3627 -0.7909 +0.0441 -0.1152 -0.1881 +0.0000 +0.0000 +0.0000 +0.0000 +0.0000 +0.0000
