Step: 8812
Timestamp: 1779742842.4088297

Joint Positions (q) [35]:
  +0.1058 +0.0244 +0.1081 +0.1899 -0.2720 +0.0272 +0.0614 -0.0645 -0.3078 +0.1949 -0.1573 +0.0496 +0.0087 -0.0124 +0.0077 +0.0363 +0.3067 -0.6713 +1.1161 +0.2902 +0.2032 -0.0316 +0.0112 -0.2539 +0.6778 +1.2101 -0.3009 +0.1927 -0.0102 +0.0000 +0.0000 +0.0000 +0.0000 +0.0000 +0.0000

Joint Velocities (dq) [35]:
  +0.0427 +0.0051 -0.0168 -0.1299 +0.1385 -0.0409 +0.0043 +0.0090 -0.1024 -0.0812 +0.0176 +0.0036 -0.0364 +0.0522 +0.0277 -0.0378 +0.0281 -0.0205 -0.1070 +0.1350 -0.0092 +0.0687 +0.0018 -0.0033 -0.0258 -0.0260 -0.0359 +0.0496 -0.0683 +0.0000 +0.0000 +0.0000 +0.0000 +0.0000 +0.0000

Joint Torques (tau) [35]:
  -3.8277 +9.2964 -1.3946 +2.1289 +24.0978 -0.9234 +5.5166 -0.0331 +0.0758 +9.1774 +15.4609 -0.2637 -0.1805 +1.3677 -2.5104 -1.7144 +0.7327 +0.4492 -1.0820 -0.1415 -0.1959 +0.1548 -1.2422 -1.2635 -0.3351 -0.5927 +0.1003 -0.0542 -0.1546 +0.0000 +0.0000 +0.0000 +0.0000 +0.0000 +0.0000
