Step: 14232
Timestamp: 1779743446.4535413

Joint Positions (q) [35]:
  +0.0249 +0.0153 +0.0494 +0.2123 -0.2221 +0.0162 -0.0614 -0.0576 -0.3052 +0.2011 -0.1049 -0.0031 +0.0261 +0.0112 +0.0067 +0.0214 +0.3103 -0.6970 +1.0929 +0.2764 +0.2052 -0.0260 +0.0243 -0.2649 +0.6899 +1.1684 -0.3167 +0.2252 -0.0444 +0.0000 +0.0000 +0.0000 +0.0000 +0.0000 +0.0000

Joint Velocities (dq) [35]:
  +0.0381 -0.0071 +0.0632 -0.0576 -0.0210 +0.0105 -0.0981 -0.0147 +0.0956 +0.0937 -0.1556 -0.0342 +0.0683 -0.0360 +0.0344 -0.1001 -0.0056 -0.0347 +0.1489 -0.1521 -0.0507 -0.0142 -0.0795 +0.0198 -0.0456 +0.1492 +0.1452 -0.0475 -0.0264 +0.0000 +0.0000 +0.0000 +0.0000 +0.0000 +0.0000

Joint Torques (tau) [35]:
  -7.7183 +5.3152 +0.8062 -6.9355 +6.6707 -0.5416 +10.4003 +1.2956 +0.4296 +9.1204 +10.9880 +0.3529 -0.1570 -0.5090 -3.2600 -2.5214 +0.1887 +0.9025 -0.8313 -0.4473 -0.0533 +0.4029 -2.1736 -0.8245 -0.5823 -0.9863 +0.0995 -0.2115 -0.3044 +0.0000 +0.0000 +0.0000 +0.0000 +0.0000 +0.0000
