Step: 8915
Timestamp: 1779742853.8334024

Joint Positions (q) [35]:
  +0.0663 +0.0203 +0.1529 +0.1894 -0.2285 +0.0141 +0.0131 -0.0723 -0.3239 +0.2145 -0.1696 +0.0218 +0.0223 -0.0027 +0.0061 +0.0120 +0.3110 -0.6922 +1.1041 +0.2853 +0.2281 -0.0587 +0.0241 -0.2817 +0.6986 +1.1661 -0.2275 +0.2277 -0.0228 +0.0000 +0.0000 +0.0000 +0.0000 +0.0000 +0.0000

Joint Velocities (dq) [35]:
  +0.1082 +0.0579 +0.1025 -0.0867 -0.0718 -0.0134 +0.0815 +0.0799 +0.0379 -0.1903 +0.2427 +0.1107 +0.0634 +0.0916 -0.0732 +0.1003 -0.1266 +0.1818 +0.1255 -0.1026 +0.0545 +0.1710 +0.0499 -0.0430 +0.0233 -0.0470 -0.1788 -0.0438 +0.1573 +0.0000 +0.0000 +0.0000 +0.0000 +0.0000 +0.0000

Joint Torques (tau) [35]:
  -5.6196 +9.8939 -3.8477 -1.9771 +14.3898 -0.3546 +5.6088 -1.8792 +0.6881 +8.3094 +15.7754 -0.0423 -0.7431 +1.4308 -1.9379 -1.4567 +1.1647 +0.1709 -1.2276 -0.1555 -0.0816 +0.0981 -1.3958 -1.7569 -0.3993 -0.5856 +0.1278 -0.0460 -0.1308 +0.0000 +0.0000 +0.0000 +0.0000 +0.0000 +0.0000
