Step: 11634
Timestamp: 1779743156.7266047

Joint Positions (q) [35]:
  +0.1149 +0.0679 +0.2074 +0.1736 -0.2658 -0.0268 -0.0653 -0.0370 -0.3365 +0.2257 -0.1337 -0.0165 +0.0013 +0.0215 +0.0070 -0.0038 +0.3213 -0.7325 +1.0991 +0.2595 +0.2173 -0.0497 +0.0174 -0.2854 +0.7316 +1.1670 -0.2144 +0.2147 -0.0749 +0.0000 +0.0000 +0.0000 +0.0000 +0.0000 +0.0000

Joint Velocities (dq) [35]:
  -0.0704 +0.0076 +0.0261 +0.0407 -0.0293 +0.0103 -0.0528 +0.0102 +0.0161 -0.0401 +0.1174 +0.0161 -0.0452 +0.0606 +0.0444 -0.0694 +0.0090 -0.1277 -0.0118 -0.0335 -0.0164 -0.0079 -0.0205 -0.0587 +0.1039 -0.0778 +0.0765 +0.0253 +0.0057 +0.0000 +0.0000 +0.0000 +0.0000 +0.0000 +0.0000

Joint Torques (tau) [35]:
  -8.5196 +4.7313 -2.4732 -3.5565 +11.8392 +0.1193 +10.6532 -1.5011 +1.8154 +10.3210 +22.8576 +0.0475 +0.0547 +0.7190 -2.3940 -1.7029 +1.3291 +0.5383 -0.9284 -0.1408 -0.1009 +0.1182 -1.0338 -1.0642 -0.2575 -0.5983 +0.0567 -0.0624 -0.1084 +0.0000 +0.0000 +0.0000 +0.0000 +0.0000 +0.0000
