Step: 4721
Timestamp: 1779742387.320549

Joint Positions (q) [35]:
  +0.1207 +0.0359 +0.1531 +0.2253 -0.2903 -0.0118 +0.0104 -0.1031 -0.2986 +0.3396 -0.2707 +0.0275 +0.0296 -0.0317 +0.0102 +0.0628 +0.3123 -0.6757 +1.1241 +0.2223 +0.1820 -0.1057 -0.0095 -0.2784 +0.6752 +1.1807 -0.3082 +0.1788 +0.0357 +0.0000 +0.0000 +0.0000 +0.0000 +0.0000 +0.0000

Joint Velocities (dq) [35]:
  +0.0011 +0.0550 +0.0011 +0.0140 -0.0119 -0.0097 +0.0913 +0.0806 -0.0112 -0.2066 +0.1925 +0.0146 -0.1268 +0.0635 +0.0656 -0.1322 +0.0993 -0.0313 -0.0224 +0.0381 -0.0515 -0.0290 -0.1518 +0.0258 +0.1585 +0.0370 -0.1838 +0.0094 -0.0339 +0.0000 +0.0000 +0.0000 +0.0000 +0.0000 +0.0000

Joint Torques (tau) [35]:
  -5.3005 +1.2823 -2.0992 +1.3480 +24.2266 -0.3294 +6.0835 +2.9563 +1.0520 +7.1129 +23.3071 +0.5926 +0.5806 +2.0898 -2.3298 -1.6837 +1.7847 +0.4886 -0.7466 +0.0195 -0.0384 +0.1519 -2.5991 -0.5999 -0.5337 -1.3821 +0.2286 -0.3041 -0.2606 +0.0000 +0.0000 +0.0000 +0.0000 +0.0000 +0.0000
