Step: 14939
Timestamp: 1779743525.5209117

Joint Positions (q) [35]:
  +0.0334 +0.0295 +0.0855 +0.2017 -0.2265 +0.0251 -0.0079 -0.0673 -0.3252 +0.1919 -0.1075 +0.0313 +0.0208 +0.0067 +0.0088 +0.0027 +0.3080 -0.7073 +1.1031 +0.3091 +0.2107 -0.0750 +0.0121 -0.2606 +0.7096 +1.1909 -0.2849 +0.2275 -0.0562 +0.0000 +0.0000 +0.0000 +0.0000 +0.0000 +0.0000

Joint Velocities (dq) [35]:
  -0.0021 +0.0453 +0.0578 -0.0160 -0.0298 -0.0199 -0.0306 +0.0487 +0.0229 -0.0680 +0.0235 -0.0069 +0.0657 +0.0249 -0.0261 -0.0065 -0.0532 +0.0857 +0.0216 +0.1428 +0.0536 +0.0148 +0.0150 +0.0318 -0.0813 +0.0635 -0.0636 +0.0168 -0.0340 +0.0000 +0.0000 +0.0000 +0.0000 +0.0000 +0.0000

Joint Torques (tau) [35]:
  -5.4870 +6.4445 -0.7001 -4.9181 +9.6441 -0.6772 +8.3573 +3.1979 -0.5364 +10.5282 +15.4870 +0.4106 -0.8373 +0.9818 -3.5519 -2.6205 +0.3065 +0.6538 -1.6337 -0.2020 -0.3985 +0.4400 -1.2144 -0.5979 -0.3752 -0.9059 +0.1677 -0.1674 -0.2162 +0.0000 +0.0000 +0.0000 +0.0000 +0.0000 +0.0000
