Step: 4101
Timestamp: 1779742318.3455355

Joint Positions (q) [35]:
  +0.1215 +0.0643 +0.1510 +0.2082 -0.2732 -0.0285 +0.0582 -0.0582 -0.2830 +0.2334 -0.2236 +0.0202 +0.0378 -0.0002 -0.0025 +0.0633 +0.3182 -0.6855 +1.1238 +0.2128 +0.1851 -0.1302 +0.0892 -0.2824 +0.7007 +1.1372 -0.2250 +0.1863 +0.0616 +0.0000 +0.0000 +0.0000 +0.0000 +0.0000 +0.0000

Joint Velocities (dq) [35]:
  +0.3901 -0.0214 +0.2498 -0.1103 -0.0697 +0.0111 +0.0909 -0.0359 +0.2484 +0.2702 -0.0240 -0.0162 +0.0977 +0.0771 +0.1592 +0.2017 -0.1112 +0.1637 -0.0106 +0.0023 +0.1279 +0.0048 -0.0745 +0.0605 +0.1837 +0.0920 -0.2284 -0.0877 +0.0336 +0.0000 +0.0000 +0.0000 +0.0000 +0.0000 +0.0000

Joint Torques (tau) [35]:
  -2.7731 -0.8636 -2.4575 +1.9489 +21.4818 -0.8027 +0.2982 +4.4941 -0.8762 +6.4677 +22.0127 +0.7610 -0.0322 +1.3403 +0.0683 -2.0994 +1.8279 +0.4395 -0.8248 +0.0483 -0.0806 +0.1252 -1.8610 -2.2761 -0.4186 -0.5592 -0.0945 +0.0008 -0.1717 +0.0000 +0.0000 +0.0000 +0.0000 +0.0000 +0.0000
