Step: 12248
Timestamp: 1779743225.2857835

Joint Positions (q) [35]:
  +0.0468 +0.0479 +0.1618 +0.1946 -0.2230 -0.0092 -0.0360 -0.0787 -0.3256 +0.2512 -0.1853 +0.0130 +0.0056 +0.0018 +0.0050 +0.0166 +0.3132 -0.7205 +1.1105 +0.2362 +0.2294 -0.0307 +0.0250 -0.2767 +0.7081 +1.1609 -0.2408 +0.2235 -0.0616 +0.0000 +0.0000 +0.0000 +0.0000 +0.0000 +0.0000

Joint Velocities (dq) [35]:
  -0.0733 +0.0537 -0.0500 +0.0611 -0.0893 -0.0679 +0.0227 +0.0500 -0.0574 -0.1110 +0.0741 +0.1404 +0.0669 +0.0279 -0.0329 -0.0120 -0.0135 +0.1189 +0.0239 +0.0794 -0.0611 -0.0385 -0.0242 +0.0225 +0.0625 +0.0614 -0.0326 +0.0747 +0.0417 +0.0000 +0.0000 +0.0000 +0.0000 +0.0000 +0.0000

Joint Torques (tau) [35]:
  -5.6923 +1.6107 +0.6278 -2.3568 +8.2463 -0.2126 +6.2044 -0.3810 +0.1791 +3.1703 +20.5310 +1.1858 +0.7562 +0.1575 -2.3666 -2.1998 +1.0015 +0.5861 -0.9280 +0.0114 -0.3440 +0.2628 -1.2326 -0.6496 -0.0835 -0.9528 +0.1085 -0.0962 -0.1064 +0.0000 +0.0000 +0.0000 +0.0000 +0.0000 +0.0000
