Step: 14835
Timestamp: 1779743513.87815

Joint Positions (q) [35]:
  +0.0321 +0.0268 +0.0926 +0.2053 -0.2195 +0.0215 -0.0235 -0.0715 -0.2992 +0.2074 -0.1093 +0.0242 +0.0220 +0.0197 +0.0067 -0.0072 +0.2921 -0.6785 +1.1372 +0.2869 +0.2207 -0.0250 +0.0184 -0.2588 +0.6794 +1.1921 -0.3144 +0.2283 -0.0687 +0.0000 +0.0000 +0.0000 +0.0000 +0.0000 +0.0000

Joint Velocities (dq) [35]:
  +0.0389 +0.0261 +0.0142 -0.0343 -0.0540 -0.0020 -0.0207 +0.0320 +0.1207 +0.0050 -0.0854 +0.0297 +0.0853 +0.1170 -0.0237 -0.0550 -0.1094 -0.0849 +0.0813 +0.1147 -0.0596 +0.1253 +0.0058 -0.0962 +0.0335 -0.0936 -0.1881 -0.0463 +0.0482 +0.0000 +0.0000 +0.0000 +0.0000 +0.0000 +0.0000

Joint Torques (tau) [35]:
  -8.3879 +6.2240 -1.6939 -8.0241 +6.8472 -0.6414 +9.5253 +3.3524 -0.0547 +10.4622 +15.1215 +0.4966 +0.1368 +1.0626 -2.1353 -1.6494 +0.2497 +0.3322 -1.1312 -0.2148 -0.2286 +0.0282 -2.0580 -0.8075 -0.4270 -1.0708 +0.1429 -0.1734 -0.2588 +0.0000 +0.0000 +0.0000 +0.0000 +0.0000 +0.0000
