Step: 14157
Timestamp: 1779743438.0345397

Joint Positions (q) [35]:
  +0.0442 +0.0139 +0.0355 +0.1937 -0.2063 +0.0035 -0.0630 -0.0662 -0.3182 +0.2396 -0.1287 -0.0137 -0.0139 +0.0396 +0.0083 +0.0058 +0.3209 -0.7078 +1.1307 +0.2230 +0.1544 -0.0960 +0.0174 -0.3026 +0.6613 +1.1829 -0.2428 +0.1597 +0.0294 +0.0000 +0.0000 +0.0000 +0.0000 +0.0000 +0.0000

Joint Velocities (dq) [35]:
  +0.0846 -0.0106 -0.0796 +0.0744 -0.1571 +0.0300 +0.1113 -0.0297 -0.0682 +0.0838 -0.1166 +0.0439 +0.0267 -0.1502 -0.0598 +0.1015 +0.0556 +0.0226 -0.0471 -0.0098 +0.0049 -0.0357 +0.1366 +0.0387 -0.0979 -0.1024 +0.0010 +0.0065 +0.0568 +0.0000 +0.0000 +0.0000 +0.0000 +0.0000 +0.0000

Joint Torques (tau) [35]:
  -5.9834 +2.8368 +0.6180 -4.9693 +5.5653 -0.6588 +6.4369 -2.2188 +0.0199 +2.6249 +8.9508 +0.4482 -0.0267 -0.2630 -1.9235 -1.4598 +1.5967 +0.4516 -0.6306 -0.0979 -0.0920 +0.1046 -1.3142 -0.9587 -0.2759 -0.7608 +0.1145 -0.1636 -0.0006 +0.0000 +0.0000 +0.0000 +0.0000 +0.0000 +0.0000
