Step: 5664
Timestamp: 1779742492.5182824

Joint Positions (q) [35]:
  +0.0205 +0.0289 +0.1390 +0.1955 -0.1996 -0.0016 +0.0193 -0.0675 -0.3782 +0.2133 -0.1903 +0.0255 +0.0108 +0.0077 +0.0032 +0.0094 +0.3126 -0.7315 +1.0782 +0.3108 +0.2323 -0.0724 +0.0439 -0.2864 +0.6920 +1.1159 -0.2777 +0.2605 +0.0010 +0.0000 +0.0000 +0.0000 +0.0000 +0.0000 +0.0000

Joint Velocities (dq) [35]:
  +0.0216 +0.0284 +0.0734 +0.0094 -0.0499 -0.0150 -0.0246 +0.0198 +0.0196 -0.0035 +0.1951 -0.0273 -0.0100 +0.0320 -0.0037 -0.0048 -0.0158 -0.0553 +0.0080 -0.0448 +0.0458 -0.0381 +0.0289 -0.0346 -0.0255 -0.0732 +0.0111 +0.0286 -0.0080 +0.0000 +0.0000 +0.0000 +0.0000 +0.0000 +0.0000

Joint Torques (tau) [35]:
  -0.3071 +8.0796 -2.6350 -1.6992 +8.5646 +0.1848 +1.7190 -5.0064 +0.3039 +5.6173 +16.5915 +0.0943 -0.0429 +0.0828 -2.3124 -1.3222 +1.0555 +0.3628 -0.8414 -0.0997 -0.1016 +0.0319 -0.9774 -0.7949 -0.2698 -0.7575 +0.0831 -0.0759 -0.1026 +0.0000 +0.0000 +0.0000 +0.0000 +0.0000 +0.0000
