Step: 777
Timestamp: 1779741948.3843098

Joint Positions (q) [35]:
  +0.0834 +0.0831 +0.1755 +0.1791 -0.2602 -0.0214 -0.0378 -0.0735 -0.3261 +0.2064 -0.1093 +0.0544 +0.0006 +0.0195 +0.0079 -0.0458 +0.3255 -0.7079 +1.1127 +0.2813 +0.2036 -0.0155 +0.0159 -0.2751 +0.7087 +1.1784 -0.2532 +0.2247 -0.0275 +0.0000 +0.0000 +0.0000 +0.0000 +0.0000 +0.0000

Joint Velocities (dq) [35]:
  +0.0749 +0.0210 +0.1061 -0.0302 -0.0236 -0.0202 -0.0090 +0.0332 +0.1006 -0.0087 +0.1899 -0.0215 +0.0102 +0.0445 -0.0028 -0.0439 -0.1017 +0.0989 -0.0248 +0.3351 +0.1001 +0.0095 +0.0358 +0.0228 -0.1665 +0.0063 -0.1100 +0.0513 -0.0439 +0.0000 +0.0000 +0.0000 +0.0000 +0.0000 +0.0000

Joint Torques (tau) [35]:
  -6.8950 -1.4234 -0.4801 -0.3863 +18.4308 -0.8621 +10.6492 +7.9098 -0.4983 +12.7986 +17.8640 -0.1033 -0.0216 +0.1938 -3.1970 -0.9344 -0.4330 +0.2759 -1.1400 -0.4281 -0.3379 +0.0093 -1.1348 -0.6353 -0.2913 -0.8127 +0.1392 -0.1480 -0.1436 +0.0000 +0.0000 +0.0000 +0.0000 +0.0000 +0.0000
