Step: 657
Timestamp: 1779741934.8909738

Joint Positions (q) [35]:
  +0.0643 +0.0815 +0.2108 +0.1901 -0.2324 -0.0267 -0.0731 -0.0792 -0.3378 +0.2078 -0.0861 +0.0331 +0.0072 +0.0026 +0.0077 +0.0044 +0.3083 -0.6802 +1.1116 +0.3076 +0.2200 -0.0055 +0.0291 -0.2556 +0.6903 +1.1675 -0.3133 +0.2275 -0.0382 +0.0000 +0.0000 +0.0000 +0.0000 +0.0000 +0.0000

Joint Velocities (dq) [35]:
  +0.0157 +0.0144 +0.0356 -0.0452 -0.0043 -0.0095 -0.0269 +0.0238 +0.0400 -0.0328 +0.2484 +0.0004 +0.0418 +0.0232 -0.0151 +0.0034 -0.0080 +0.0345 -0.0175 +0.0043 +0.0186 +0.0612 +0.0201 +0.0006 -0.0411 +0.0156 -0.0274 -0.0020 +0.0138 +0.0000 +0.0000 +0.0000 +0.0000 +0.0000 +0.0000

Joint Torques (tau) [35]:
  -9.6800 -2.0084 -0.1703 -7.0457 +5.8435 -0.6776 +12.5626 +8.5706 -1.1873 +13.0861 +17.1700 +0.4071 -0.2984 +0.3617 -3.0179 -1.8337 +0.0048 +0.4327 -1.3730 -0.2768 -0.3334 +0.1927 -1.3209 -0.8066 -0.3823 -0.8906 +0.1337 -0.1472 -0.1773 +0.0000 +0.0000 +0.0000 +0.0000 +0.0000 +0.0000
