Step: 11473
Timestamp: 1779743138.8056564

Joint Positions (q) [35]:
  +0.0938 +0.0574 +0.2371 +0.1720 -0.2655 -0.0184 -0.1118 -0.0458 -0.3074 +0.2503 -0.1324 -0.0118 -0.0055 +0.0376 +0.0083 -0.0141 +0.2905 -0.6834 +1.1433 +0.2753 +0.2201 +0.0248 -0.0032 -0.2787 +0.6878 +1.1881 -0.2843 +0.2057 -0.0728 +0.0000 +0.0000 +0.0000 +0.0000 +0.0000 +0.0000

Joint Velocities (dq) [35]:
  +0.0730 -0.0036 -0.0221 -0.0537 +0.0047 -0.0519 +0.0036 -0.0269 -0.0307 +0.1107 -0.0149 +0.0528 -0.0258 +0.0466 +0.0400 -0.0227 -0.0191 -0.2134 +0.1054 -0.2006 -0.1220 +0.0152 +0.0479 -0.1273 +0.1080 -0.1657 +0.2529 -0.0287 +0.0584 +0.0000 +0.0000 +0.0000 +0.0000 +0.0000 +0.0000

Joint Torques (tau) [35]:
  -9.3544 +5.2203 -2.9767 -4.6020 +12.9410 +0.1083 +15.6281 +2.3709 +3.0352 +10.4901 +22.0920 +0.3620 +1.1094 -0.3705 -3.8415 -1.0870 +1.0505 +0.3813 -0.4453 -0.3552 -0.0876 +0.0734 -1.7022 -0.9241 -0.2730 -0.8660 +0.1549 -0.0911 -0.0776 +0.0000 +0.0000 +0.0000 +0.0000 +0.0000 +0.0000
