Step: 10666
Timestamp: 1779743048.5307732

Joint Positions (q) [35]:
  -0.0455 +0.0172 +0.2819 +0.2151 -0.1935 +0.0205 +0.0285 -0.1314 -0.2896 +0.2605 -0.2567 +0.0785 +0.0030 -0.0545 +0.0075 -0.0714 +0.3027 -0.7239 +1.2218 +0.3036 +0.1665 +0.0509 -0.0379 -0.2519 +0.7080 +1.2449 -0.2495 +0.1648 -0.0918 +0.0000 +0.0000 +0.0000 +0.0000 +0.0000 +0.0000

Joint Velocities (dq) [35]:
  +0.1392 +0.1416 -0.0064 -0.1893 +0.0999 -0.1357 +0.1129 +0.1926 +0.0039 -0.1687 +0.1477 -0.1462 -0.0769 +0.1701 +0.0097 +0.0433 -0.0948 +0.0417 +0.0166 +0.1212 +0.0073 +0.0944 +0.1363 +0.0775 -0.1721 +0.0159 -0.2075 +0.1338 +0.0679 +0.0000 +0.0000 +0.0000 +0.0000 +0.0000 +0.0000

Joint Torques (tau) [35]:
  +5.1671 +3.5314 -2.3500 +3.9354 +16.7370 +0.1252 -2.7685 +2.4825 -0.5573 +4.3061 +23.8673 +0.8648 +0.3693 +0.4201 -3.9406 -1.5243 +0.5311 +0.4603 -0.9874 -0.2106 -0.2101 -0.0225 -0.9678 -0.9488 -0.2351 -0.5449 -0.0485 -0.0032 -0.0867 +0.0000 +0.0000 +0.0000 +0.0000 +0.0000 +0.0000
