Step: 6098
Timestamp: 1779742540.730929

Joint Positions (q) [35]:
  +0.0316 +0.0109 +0.1517 +0.1857 -0.1959 +0.0204 +0.0774 -0.0707 -0.3594 +0.1898 -0.1877 +0.0502 +0.0118 +0.0133 +0.0137 -0.0366 +0.3136 -0.7571 +1.1478 +0.2313 +0.1956 -0.0550 -0.0060 -0.2858 +0.7256 +1.1920 -0.2468 +0.2104 -0.0225 +0.0000 +0.0000 +0.0000 +0.0000 +0.0000 +0.0000

Joint Velocities (dq) [35]:
  -0.1025 +0.0324 -0.0578 +0.0130 +0.0076 -0.0740 -0.0190 +0.0448 -0.1523 -0.1481 -0.0241 +0.0195 -0.0623 -0.0615 -0.0284 +0.1109 +0.1236 +0.1042 -0.1224 -0.1261 -0.0409 -0.0587 -0.0072 +0.0151 -0.1329 -0.0207 -0.0690 -0.0020 +0.0579 +0.0000 +0.0000 +0.0000 +0.0000 +0.0000 +0.0000

Joint Torques (tau) [35]:
  +6.1114 +12.0053 -5.2531 +2.6545 +12.1477 +0.3084 -2.7622 -5.8170 +0.3288 +6.2844 +17.5942 -0.2947 -0.0917 -0.9108 -4.6895 -1.6587 +0.9859 +0.4222 -0.8555 -0.1308 -0.1612 +0.1361 -1.6288 -1.2258 -0.4263 -0.7893 +0.1269 -0.1255 -0.1284 +0.0000 +0.0000 +0.0000 +0.0000 +0.0000 +0.0000
