Step: 13726
Timestamp: 1779743390.377574

Joint Positions (q) [35]:
  -0.0040 +0.0196 +0.1024 +0.1864 -0.1612 -0.0138 +0.0817 -0.1064 -0.3872 +0.2044 -0.2386 +0.0637 +0.0248 +0.0080 +0.0067 +0.0145 +0.3081 -0.6819 +1.1049 +0.2850 +0.1964 -0.0055 +0.0310 -0.2789 +0.6901 +1.1612 -0.2791 +0.2286 -0.0767 +0.0000 +0.0000 +0.0000 +0.0000 +0.0000 +0.0000

Joint Velocities (dq) [35]:
  -0.1077 +0.0238 +0.0147 +0.0486 -0.0217 +0.0528 -0.0991 +0.0253 +0.0157 -0.0103 +0.1305 -0.0884 -0.0017 +0.0015 +0.0293 -0.0319 +0.0474 -0.0953 -0.0938 -0.0341 +0.0677 -0.0562 +0.0099 -0.0339 +0.0417 -0.1142 +0.0508 +0.0759 -0.0596 +0.0000 +0.0000 +0.0000 +0.0000 +0.0000 +0.0000

Joint Torques (tau) [35]:
  -2.9790 -0.0031 +1.0640 -1.5668 +8.4962 -0.2814 +4.4049 +3.4729 -0.1766 +8.4696 +21.3631 +1.4705 -0.0009 -0.6239 -2.5785 -1.6752 +1.1344 +0.5022 -1.0238 -0.1612 -0.1780 +0.1897 -1.3013 -0.5324 -0.2839 -0.9311 +0.1368 -0.1748 -0.0437 +0.0000 +0.0000 +0.0000 +0.0000 +0.0000 +0.0000
