Step: 10742
Timestamp: 1779743057.0547001

Joint Positions (q) [35]:
  +0.1020 +0.0635 +0.1801 +0.1666 -0.2726 -0.0250 -0.2036 -0.0726 -0.3331 +0.1809 +0.0243 -0.0174 -0.0310 +0.0180 +0.0137 -0.0121 +0.2936 -0.7048 +1.1385 +0.2598 +0.1952 +0.0012 -0.0157 -0.2786 +0.6904 +1.1903 -0.2537 +0.1701 -0.1156 +0.0000 +0.0000 +0.0000 +0.0000 +0.0000 +0.0000

Joint Velocities (dq) [35]:
  +0.1087 +0.0428 -0.0714 -0.0189 -0.0395 -0.0176 +0.0630 -0.0085 -0.0683 +0.1614 -0.0829 +0.0618 -0.0221 -0.0055 -0.0240 +0.0730 +0.0839 -0.0201 -0.1113 -0.0925 +0.0092 -0.1219 -0.0504 +0.0475 +0.0625 +0.0744 +0.0103 +0.1332 +0.1197 +0.0000 +0.0000 +0.0000 +0.0000 +0.0000 +0.0000

Joint Torques (tau) [35]:
  -32.7834 -7.7537 +5.7668 -16.9710 +6.7602 -0.7355 +39.3953 +14.9090 +0.0102 +23.2188 +16.6200 +1.3597 -0.3566 -0.0648 -3.1681 -1.9743 +1.6632 +0.3720 -0.8414 +0.0339 -0.1114 +0.2562 -1.3540 -0.9216 -0.2893 -0.7443 +0.1307 -0.1163 +0.0020 +0.0000 +0.0000 +0.0000 +0.0000 +0.0000 +0.0000
