Step: 7305
Timestamp: 1779742675.2009509

Joint Positions (q) [35]:
  -0.1426 -0.0149 +0.1548 +0.2974 -0.1374 +0.0405 +0.1331 -0.0651 -0.3973 +0.1802 -0.2775 +0.0298 +0.0273 +0.0128 +0.0049 -0.0106 +0.2966 -0.6942 +1.0847 +0.2838 +0.2098 +0.0020 +0.0281 -0.2953 +0.6804 +1.1481 -0.2767 +0.2153 -0.1433 +0.0000 +0.0000 +0.0000 +0.0000 +0.0000 +0.0000

Joint Velocities (dq) [35]:
  +0.0260 -0.0169 -0.0670 -0.0565 -0.0262 -0.0373 +0.0232 +0.0006 -0.0787 -0.0226 +0.1140 +0.0503 -0.0017 +0.0011 +0.0168 -0.0622 +0.0156 -0.1411 -0.0513 +0.2649 -0.0085 -0.0999 -0.0177 -0.0212 -0.0516 -0.0267 -0.0885 -0.0324 +0.0595 +0.0000 +0.0000 +0.0000 +0.0000 +0.0000 +0.0000

Joint Torques (tau) [35]:
  +12.8124 +8.2213 -6.0080 +3.6676 +10.5240 +0.3039 -12.9803 -6.2865 +0.8803 -1.3924 +14.6150 +0.9212 +0.0210 -1.1388 -2.6554 -1.3418 +1.8785 +0.5763 -0.7423 -0.3098 -0.0938 +0.0783 -1.3836 -0.9620 -0.3806 -0.8434 +0.0814 -0.1224 -0.1772 +0.0000 +0.0000 +0.0000 +0.0000 +0.0000 +0.0000
