Step: 1120
Timestamp: 1779741986.4241252

Joint Positions (q) [35]:
  +0.0970 +0.0726 +0.1491 +0.1742 -0.2496 -0.0218 +0.0038 -0.0788 -0.3478 +0.2053 -0.1333 +0.0593 +0.0171 +0.0099 +0.0127 +0.0006 +0.3243 -0.7049 +1.1059 +0.2465 +0.2107 -0.0317 +0.0203 -0.2929 +0.7112 +1.1646 -0.2093 +0.2135 -0.0468 +0.0000 +0.0000 +0.0000 +0.0000 +0.0000 +0.0000

Joint Velocities (dq) [35]:
  -0.0361 +0.0246 -0.0216 -0.0277 -0.0220 -0.0286 -0.0182 +0.0301 -0.0340 -0.0765 +0.1639 -0.0155 -0.0068 +0.0577 -0.0579 -0.0713 -0.0636 -0.1400 +0.1207 +0.0819 -0.0852 +0.0926 +0.0264 -0.0615 +0.1109 -0.0516 +0.0831 -0.0140 -0.0132 +0.0000 +0.0000 +0.0000 +0.0000 +0.0000 +0.0000

Joint Torques (tau) [35]:
  -5.0855 -2.4400 -0.7564 +0.5639 +17.6860 -1.1037 +8.1805 +8.0319 -0.5800 +11.7066 +18.3030 +0.0050 -0.1525 +0.4452 -3.4156 -1.7905 +1.0049 +0.5168 -0.9994 -0.1530 -0.1830 +0.2744 -1.1162 -1.5283 -0.3268 -0.5518 +0.0567 -0.0257 -0.1905 +0.0000 +0.0000 +0.0000 +0.0000 +0.0000 +0.0000
