Step: 12715
Timestamp: 1779743277.4988368

Joint Positions (q) [35]:
  +0.0280 +0.0559 +0.1727 +0.1917 -0.1993 -0.0129 -0.0521 -0.0640 -0.3105 +0.2242 -0.1473 -0.0036 +0.0052 +0.0511 +0.0068 -0.0149 +0.2711 -0.6876 +1.1637 +0.3069 +0.1962 -0.0224 +0.0106 -0.2912 +0.6539 +1.1840 -0.3100 +0.1854 -0.0574 +0.0000 +0.0000 +0.0000 +0.0000 +0.0000 +0.0000

Joint Velocities (dq) [35]:
  +0.0777 -0.0179 -0.0122 -0.0335 -0.1503 +0.0493 +0.1049 +0.0017 -0.0099 -0.0821 -0.1178 +0.0572 -0.0121 -0.0589 -0.0578 +0.1067 -0.0302 -0.0875 +0.0028 +0.0232 +0.0160 -0.0145 +0.0452 +0.0277 +0.0225 -0.0185 -0.0293 -0.0013 -0.0377 +0.0000 +0.0000 +0.0000 +0.0000 +0.0000 +0.0000

Joint Torques (tau) [35]:
  -0.8914 +1.0585 -1.7962 -0.5289 +9.6090 -0.8550 +2.5710 -0.1279 +0.8230 +2.0937 +13.5530 +0.5717 +0.0073 -0.6684 -3.1373 -1.7756 +1.6244 +0.4395 -0.7812 -0.0278 -0.0988 +0.2467 -1.4128 -0.5979 -0.2757 -0.9455 +0.1509 -0.2053 -0.0182 +0.0000 +0.0000 +0.0000 +0.0000 +0.0000 +0.0000
