Step: 13592
Timestamp: 1779743375.2129812

Joint Positions (q) [35]:
  -0.0040 +0.0393 +0.1754 +0.1854 -0.1531 -0.0181 +0.0645 -0.0980 -0.3760 +0.2128 -0.2354 +0.0380 +0.0184 +0.0041 +0.0035 -0.0035 +0.3071 -0.7267 +1.1278 +0.2739 +0.1928 -0.0330 +0.0314 -0.2856 +0.7045 +1.1534 -0.2708 +0.2117 -0.0503 +0.0000 +0.0000 +0.0000 +0.0000 +0.0000 +0.0000

Joint Velocities (dq) [35]:
  -0.0350 -0.0007 -0.0038 +0.0029 -0.0487 +0.0646 -0.0150 +0.0098 -0.0134 -0.0580 +0.1228 -0.0121 -0.0939 -0.0021 +0.0349 +0.0328 +0.0667 -0.0710 -0.1257 -0.0401 +0.0358 -0.0296 -0.0071 -0.0206 +0.0465 -0.1153 +0.0351 +0.0798 -0.0724 +0.0000 +0.0000 +0.0000 +0.0000 +0.0000 +0.0000

Joint Torques (tau) [35]:
  +0.1128 +0.9435 -0.6167 +0.6313 +8.8849 -0.3243 +0.0059 -0.8418 -0.1067 +3.7762 +17.0759 +1.1459 +0.1124 -0.7616 -2.0462 -1.8002 +1.3873 +0.5816 -0.8945 -0.1839 -0.1472 +0.1958 -1.4085 -0.7054 -0.2569 -0.9021 +0.0511 -0.1665 -0.1439 +0.0000 +0.0000 +0.0000 +0.0000 +0.0000 +0.0000
