Step: 1088
Timestamp: 1779741982.8698764

Joint Positions (q) [35]:
  +0.0536 +0.0790 +0.1753 +0.1907 -0.2285 -0.0322 -0.0470 -0.0756 -0.3494 +0.2072 -0.1254 +0.0284 +0.0099 +0.0071 +0.0110 -0.0058 +0.3287 -0.7164 +1.0939 +0.2714 +0.2048 -0.0305 +0.0204 -0.2760 +0.7179 +1.1632 -0.2539 +0.2230 -0.0471 +0.0000 +0.0000 +0.0000 +0.0000 +0.0000 +0.0000

Joint Velocities (dq) [35]:
  +0.1947 +0.0276 +0.1275 -0.1490 -0.0164 -0.0242 +0.0690 +0.0515 +0.1118 -0.0299 +0.1038 +0.0208 +0.1526 +0.0068 -0.0464 +0.0322 +0.0227 -0.0900 +0.1019 -0.3787 -0.0586 -0.0117 +0.0462 -0.0925 +0.0966 -0.0508 +0.2051 -0.0286 +0.0948 +0.0000 +0.0000 +0.0000 +0.0000 +0.0000 +0.0000

Joint Torques (tau) [35]:
  -6.0457 -1.7736 -0.5887 -3.9466 +8.1412 -0.6169 +10.1907 +5.4948 +0.1256 +9.9796 +15.7967 +0.6032 -0.0054 -0.2571 -3.9638 -1.0917 +0.8351 +0.2304 -0.7608 -0.0629 -0.1086 +0.0292 -1.4740 -1.4795 -0.3966 -0.7158 +0.0253 -0.0608 -0.1924 +0.0000 +0.0000 +0.0000 +0.0000 +0.0000 +0.0000
