Step: 10120
Timestamp: 1779742987.6940396

Joint Positions (q) [35]:
  +0.1126 +0.0585 +0.1622 +0.1750 -0.2790 -0.0111 -0.1607 -0.0489 -0.3299 +0.1897 -0.0140 -0.0209 -0.0098 +0.0161 +0.0113 -0.0255 +0.2894 -0.7054 +1.1321 +0.2298 +0.2073 -0.0389 +0.0027 -0.2661 +0.7340 +1.1771 -0.2597 +0.2252 -0.0460 +0.0000 +0.0000 +0.0000 +0.0000 +0.0000 +0.0000

Joint Velocities (dq) [35]:
  +0.0122 +0.0199 +0.0403 +0.0070 -0.0197 -0.0029 -0.0104 +0.0265 +0.0373 +0.0091 +0.0545 +0.0057 -0.0001 +0.0108 -0.0765 +0.0436 -0.0473 +0.0928 +0.0516 +0.1120 +0.0356 +0.0556 +0.0801 +0.0254 -0.0589 -0.0169 -0.0878 +0.0179 -0.0552 +0.0000 +0.0000 +0.0000 +0.0000 +0.0000 +0.0000

Joint Torques (tau) [35]:
  -25.2625 -1.6589 +2.1653 -14.1983 +6.8738 -0.2312 +31.3640 +8.8248 +0.8488 +21.9078 +22.2800 +0.9545 -0.2921 +0.2627 -3.6046 -1.7600 +0.9512 +0.3347 -1.0518 -0.0107 -0.2363 +0.3099 -0.9516 -0.6378 -0.2288 -0.7631 +0.1405 -0.1164 -0.0174 +0.0000 +0.0000 +0.0000 +0.0000 +0.0000 +0.0000
