Step: 5367
Timestamp: 1779742459.195383

Joint Positions (q) [35]:
  +0.0445 +0.0397 +0.1712 +0.1961 -0.2097 -0.0055 +0.0066 -0.0610 -0.3467 +0.2199 -0.1827 +0.0102 +0.0182 +0.0072 +0.0089 -0.0132 +0.3029 -0.7386 +1.1488 +0.2361 +0.2082 -0.0333 +0.0018 -0.2775 +0.7145 +1.1832 -0.2577 +0.2222 -0.0393 +0.0000 +0.0000 +0.0000 +0.0000 +0.0000 +0.0000

Joint Velocities (dq) [35]:
  +0.0888 +0.0209 -0.0310 +0.0003 -0.0660 -0.0159 +0.1273 +0.0303 -0.0231 -0.0845 +0.1353 +0.0333 +0.0418 +0.0545 +0.0093 -0.0230 -0.1724 -0.0461 +0.2657 -0.0213 +0.0132 -0.1347 -0.0233 -0.0505 +0.0801 +0.1165 +0.2400 -0.1084 +0.0419 +0.0000 +0.0000 +0.0000 +0.0000 +0.0000 +0.0000

Joint Torques (tau) [35]:
  +0.0189 +8.1440 -4.9962 -1.4222 +9.9502 +0.0254 +1.3775 -5.5177 +1.5765 +3.9658 +14.7318 +0.0431 -0.0092 -0.2388 -3.1244 -1.8712 +1.3595 +0.4304 -0.8205 -0.0266 -0.1193 +0.1310 -1.9541 -1.4659 -0.4828 -0.8118 +0.0597 -0.0873 -0.1941 +0.0000 +0.0000 +0.0000 +0.0000 +0.0000 +0.0000
