Step: 5989
Timestamp: 1779742528.5627267

Joint Positions (q) [35]:
  -0.0002 +0.0240 +0.1497 +0.2215 -0.1970 +0.0033 +0.0479 -0.0643 -0.3661 +0.2009 -0.2098 +0.0164 +0.0076 +0.0108 +0.0076 -0.0071 +0.3179 -0.7316 +1.1239 +0.2320 +0.2001 -0.0520 +0.0152 -0.2926 +0.6917 +1.1658 -0.2369 +0.2128 -0.0567 +0.0000 +0.0000 +0.0000 +0.0000 +0.0000 +0.0000

Joint Velocities (dq) [35]:
  +0.0965 +0.0230 -0.0191 +0.0559 -0.1163 +0.0173 +0.1724 +0.0380 -0.0229 -0.1225 +0.1290 +0.0420 +0.1291 +0.0810 +0.0107 +0.0666 +0.0863 +0.0217 -0.1925 -0.1347 -0.0452 -0.2510 +0.0829 -0.1437 +0.1587 -0.1542 +0.0830 -0.1029 +0.0924 +0.0000 +0.0000 +0.0000 +0.0000 +0.0000 +0.0000

Joint Torques (tau) [35]:
  +4.4122 +8.2961 -5.5315 +2.5942 +11.2661 +0.1901 -5.7291 -7.9725 +2.0294 +1.1935 +14.1994 +0.1542 -0.5363 -0.3862 -2.3344 -1.7951 +1.1817 +0.3990 -1.0298 +0.0034 -0.1365 +0.0448 -1.2066 -1.3518 -0.3330 -0.6420 +0.1587 -0.0802 -0.1174 +0.0000 +0.0000 +0.0000 +0.0000 +0.0000 +0.0000
