Step: 3692
Timestamp: 1779742272.7068167

Joint Positions (q) [35]:
  +0.0646 +0.0403 +0.1931 +0.1835 -0.2477 +0.0088 -0.0157 -0.0793 -0.3069 +0.2023 -0.1547 +0.0246 +0.0074 +0.0104 +0.0018 -0.0059 +0.3026 -0.6374 +1.1082 +0.3457 +0.2155 +0.0297 +0.0344 -0.2541 +0.6411 +1.1802 -0.3367 +0.2072 -0.1474 +0.0000 +0.0000 +0.0000 +0.0000 +0.0000 +0.0000

Joint Velocities (dq) [35]:
  +0.0154 +0.1293 -0.0759 -0.0143 -0.0576 -0.1157 +0.0792 +0.1421 -0.0441 -0.1067 +0.0664 -0.0682 -0.0200 -0.0685 -0.1091 +0.0336 +0.0309 -0.0332 +0.0393 +0.0054 -0.0107 -0.0332 +0.0339 -0.0105 -0.0294 +0.0050 +0.1614 -0.0431 +0.0440 +0.0000 +0.0000 +0.0000 +0.0000 +0.0000 +0.0000

Joint Torques (tau) [35]:
  -2.2307 +3.8494 -1.4053 +1.0051 +17.6036 -0.3351 +5.8705 +3.7333 -0.3635 +10.3823 +21.1868 +0.6892 -0.1807 -0.2914 -4.0666 -1.7961 +0.1199 +0.3975 -1.4395 -0.2790 -0.3639 +0.1690 -1.4942 -0.8273 -0.3607 -1.0336 +0.1095 -0.1927 -0.2079 +0.0000 +0.0000 +0.0000 +0.0000 +0.0000 +0.0000
