Step: 13825
Timestamp: 1779743401.3084152

Joint Positions (q) [35]:
  -0.0124 -0.0179 +0.1494 +0.3403 -0.3267 +0.0517 -0.2573 -0.1790 -0.2431 +0.6266 -0.2933 +0.0421 +0.0154 -0.0629 +0.0457 -0.0037 +0.3038 -0.7400 +1.1954 +0.2955 +0.1904 -0.0717 -0.0036 -0.2715 +0.5731 +1.1612 -0.2732 +0.2132 -0.0420 +0.0000 +0.0000 +0.0000 +0.0000 +0.0000 +0.0000

Joint Velocities (dq) [35]:
  -0.5592 +0.2038 -0.3832 +0.2372 -0.2720 -0.1101 -0.1795 +1.1213 -0.1330 -3.5504 +2.9921 -0.3629 -0.3743 +0.2219 -0.0119 -0.0366 +0.1369 -0.1433 -0.0564 -0.1683 +0.3001 -0.2314 -0.0955 -0.0427 +0.1700 -0.1483 +0.3560 -0.3215 -0.7963 +0.0000 +0.0000 +0.0000 +0.0000 +0.0000 +0.0000

Joint Torques (tau) [35]:
  +7.4837 +31.7878 -10.6098 +1.8012 +40.7106 +0.6693 -2.5514 -3.6270 +2.4234 -0.9442 +0.9927 -0.1139 +0.8690 +6.3597 -10.3442 -4.2598 +0.9661 +0.7442 -2.0347 +0.0351 -0.5251 +0.8448 -3.9420 -2.1162 -0.3432 -1.7802 -0.1509 -0.3925 -0.3613 +0.0000 +0.0000 +0.0000 +0.0000 +0.0000 +0.0000
