Step: 11664
Timestamp: 1779743160.043857

Joint Positions (q) [35]:
  +0.1086 -0.0176 +0.2427 +0.2329 -0.3218 +0.0124 -0.2239 -0.1706 -0.2771 +0.5801 -0.2787 +0.0055 +0.0204 -0.0764 +0.0115 +0.0174 +0.2924 -0.6582 +1.1763 +0.3166 +0.2310 -0.0107 -0.0076 -0.2611 +0.6562 +1.1679 -0.2243 +0.2322 -0.0471 +0.0000 +0.0000 +0.0000 +0.0000 +0.0000 +0.0000

Joint Velocities (dq) [35]:
  -0.1789 -0.2005 +0.3091 +0.2076 -0.1504 +0.0837 -1.2214 -0.5291 +0.0563 +2.0008 +0.1923 -0.0944 +0.0134 -0.1377 +0.0063 -0.0832 +0.0456 +0.2045 +0.2101 -0.2109 -0.0989 +0.1556 -0.1693 -0.1224 -0.5364 -0.1216 -0.2255 -0.1008 -0.0690 +0.0000 +0.0000 +0.0000 +0.0000 +0.0000 +0.0000

Joint Torques (tau) [35]:
  -12.0142 +13.1035 -3.2788 -10.3332 +10.0319 +0.7500 +11.7751 +4.7905 -0.6570 +8.7882 +20.5538 +0.1376 -0.0646 +0.7561 -2.0006 -2.3358 +0.5294 +0.2265 -1.1578 -0.1035 -0.1936 +0.1591 -3.5910 -1.9816 -0.7566 -1.1852 +0.1137 -0.1551 -0.3426 +0.0000 +0.0000 +0.0000 +0.0000 +0.0000 +0.0000
