Step: 2814
Timestamp: 1779742174.538506

Joint Positions (q) [35]:
  +0.0053 +0.0540 +0.2062 +0.2268 -0.2156 -0.0038 +0.0270 -0.0687 -0.3417 +0.1837 -0.1712 +0.0400 +0.0218 +0.0072 +0.0036 +0.0195 +0.3103 -0.6453 +1.0852 +0.3119 +0.2207 +0.0077 +0.0404 -0.2748 +0.6599 +1.1476 -0.2992 +0.2242 -0.1237 +0.0000 +0.0000 +0.0000 +0.0000 +0.0000 +0.0000

Joint Velocities (dq) [35]:
  -0.0180 +0.0247 -0.0019 +0.0210 -0.0716 -0.0123 -0.0138 +0.0193 -0.0021 -0.0159 +0.1257 +0.0469 -0.0001 +0.0380 +0.0007 +0.0117 +0.0001 +0.0276 -0.0209 -0.0215 +0.0036 +0.0392 +0.0121 -0.0305 -0.0172 -0.0282 +0.0029 -0.0120 -0.0051 +0.0000 +0.0000 +0.0000 +0.0000 +0.0000 +0.0000

Joint Torques (tau) [35]:
  +0.4372 +4.6974 -2.8295 -1.3357 +11.8652 -0.2203 +1.1191 +1.3017 -0.1189 +6.8574 +15.6278 +0.3227 -0.1867 +0.3944 -2.8481 -1.7767 +0.1697 +0.4571 -1.3968 -0.2724 -0.3349 +0.2183 -1.2609 -0.4588 -0.3153 -1.0106 +0.1530 -0.2220 -0.2221 +0.0000 +0.0000 +0.0000 +0.0000 +0.0000 +0.0000
