Step: 13247
Timestamp: 1779743336.8962982

Joint Positions (q) [35]:
  +0.1032 +0.0500 +0.1337 +0.1943 -0.2352 -0.0116 +0.0428 -0.0711 -0.3369 +0.2238 -0.1907 +0.0202 +0.0109 +0.0099 +0.0082 +0.0394 +0.3227 -0.7004 +1.0942 +0.2469 +0.1797 -0.0806 +0.0465 -0.3050 +0.6935 +1.1350 -0.2321 +0.1810 -0.0243 +0.0000 +0.0000 +0.0000 +0.0000 +0.0000 +0.0000

Joint Velocities (dq) [35]:
  -0.0513 +0.0378 +0.0672 -0.1589 +0.0561 -0.0069 -0.0454 +0.0933 +0.0478 -0.2634 +0.2159 -0.0321 +0.0527 +0.0078 -0.0389 -0.1198 -0.0553 +0.0586 +0.1230 +0.0609 +0.0409 -0.0088 -0.1117 +0.0270 +0.1604 +0.1367 -0.0805 -0.0596 -0.0441 +0.0000 +0.0000 +0.0000 +0.0000 +0.0000 +0.0000

Joint Torques (tau) [35]:
  -4.8026 +2.2340 -1.0704 -2.9841 +10.1352 -0.5502 +4.6095 +0.5187 +0.7714 +5.9398 +19.0918 +0.8262 -0.4406 +1.6975 -2.1274 -2.7691 +1.6337 +0.6645 -1.4561 -0.0139 -0.3694 +0.4184 -1.6767 -1.0909 -0.3657 -0.7907 +0.0589 -0.0710 -0.1290 +0.0000 +0.0000 +0.0000 +0.0000 +0.0000 +0.0000
