Step: 361
Timestamp: 1779741901.930742

Joint Positions (q) [35]:
  -0.0626 +0.0187 +0.1194 +0.2501 -0.1702 -0.0010 +0.0864 -0.1078 -0.3917 +0.1896 -0.2277 +0.0606 +0.0156 +0.0058 +0.0045 +0.0222 +0.3363 -0.7371 +1.0490 +0.2555 +0.2145 -0.0566 +0.0380 -0.3037 +0.7078 +1.1221 -0.2325 +0.2315 -0.1022 +0.0000 +0.0000 +0.0000 +0.0000 +0.0000 +0.0000

Joint Velocities (dq) [35]:
  -0.0552 +0.0285 +0.0137 +0.0795 -0.1155 -0.0189 -0.0422 +0.0110 +0.0061 +0.0110 +0.0843 +0.0675 +0.0331 +0.0013 +0.0104 -0.0284 +0.0139 +0.0214 -0.0100 +0.0436 -0.0137 -0.0168 -0.0210 +0.0143 +0.0199 -0.0065 -0.0735 +0.0320 +0.0146 +0.0000 +0.0000 +0.0000 +0.0000 +0.0000 +0.0000

Joint Torques (tau) [35]:
  +2.8441 +0.3519 -0.2877 +1.0152 +12.8157 -0.2937 -2.1218 +4.9758 -0.4530 +3.9955 +13.1760 +0.9890 -0.4253 -0.0930 -2.6333 -2.1098 +1.0312 +0.6636 -1.1609 -0.1868 -0.2059 +0.2523 -1.2846 -0.7581 -0.3569 -0.9355 +0.1308 -0.1805 -0.1666 +0.0000 +0.0000 +0.0000 +0.0000 +0.0000 +0.0000
