Step: 12848
Timestamp: 1779743292.3183336

Joint Positions (q) [35]:
  +0.0759 +0.0553 +0.1397 +0.2003 -0.2401 -0.0142 +0.0155 -0.0672 -0.3435 +0.2245 -0.1915 +0.0167 +0.0093 -0.0018 +0.0141 +0.0160 +0.3326 -0.7090 +1.1557 +0.1693 +0.1553 -0.1064 +0.0644 -0.2738 +0.7091 +1.1596 -0.2298 +0.1684 +0.0290 +0.0000 +0.0000 +0.0000 +0.0000 +0.0000 +0.0000

Joint Velocities (dq) [35]:
  +0.2469 +0.1034 +0.0899 -0.0133 -0.1499 -0.0089 +0.3422 +0.1670 +0.0641 -0.3593 +0.1930 +0.0182 +0.0792 +0.0752 -0.1708 +0.2830 -0.1871 -0.0318 +0.2186 -0.0679 +0.0729 -0.0057 +0.3502 +0.1570 -0.1279 +0.1760 +0.2138 +0.0512 +0.1083 +0.0000 +0.0000 +0.0000 +0.0000 +0.0000 +0.0000

Joint Torques (tau) [35]:
  -3.6230 +0.5610 -2.0649 -1.7729 +10.5308 -0.6837 +5.9429 +1.1477 +1.9658 +7.7989 +20.3087 +0.7529 -0.5756 +1.4481 -2.9362 -0.6831 +1.2921 +0.1601 -0.4453 +0.0040 -0.0237 -0.0423 -0.0864 -1.4204 -0.1469 -0.2957 -0.0328 +0.0295 -0.0561 +0.0000 +0.0000 +0.0000 +0.0000 +0.0000 +0.0000
