Step: 786
Timestamp: 1779741949.3363676

Joint Positions (q) [35]:
  +0.0870 +0.0847 +0.1897 +0.1711 -0.2520 -0.0246 -0.0395 -0.0692 -0.3209 +0.1976 -0.0975 +0.0585 +0.0041 +0.0204 +0.0065 -0.0424 +0.3048 -0.6853 +1.1246 +0.3272 +0.2162 +0.0074 +0.0100 -0.2587 +0.6935 +1.1978 -0.2858 +0.2354 -0.0523 +0.0000 +0.0000 +0.0000 +0.0000 +0.0000 +0.0000

Joint Velocities (dq) [35]:
  +0.0171 +0.0039 -0.0365 -0.0032 -0.0035 -0.0887 +0.0515 -0.0078 -0.0569 -0.0666 +0.2039 +0.1221 -0.0477 -0.0007 +0.0129 +0.0001 -0.0353 +0.0515 +0.0240 +0.1068 +0.0437 +0.0300 -0.0237 +0.0282 -0.0258 +0.0252 -0.0573 +0.0164 -0.0769 +0.0000 +0.0000 +0.0000 +0.0000 +0.0000 +0.0000

Joint Torques (tau) [35]:
  -6.8979 -3.0975 -0.9439 -0.7341 +16.7376 -0.8464 +10.7244 +9.6916 -0.8641 +12.9074 +17.6960 -0.2136 +0.2861 +0.4788 -3.5971 -1.5971 +0.1799 +0.3820 -1.2317 -0.2172 -0.3232 +0.2408 -1.5922 -0.8162 -0.3422 -0.9000 +0.1115 -0.1471 -0.2149 +0.0000 +0.0000 +0.0000 +0.0000 +0.0000 +0.0000
