Step: 6678
Timestamp: 1779742605.4745195

Joint Positions (q) [35]:
  -0.0426 +0.0175 +0.2026 +0.2323 -0.1814 +0.0286 +0.0724 -0.0656 -0.3313 +0.2045 -0.2081 +0.0462 +0.0290 +0.0112 +0.0064 -0.0056 +0.2909 -0.6891 +1.1413 +0.2653 +0.2185 -0.0067 +0.0129 -0.2581 +0.6840 +1.2134 -0.2713 +0.2301 -0.0891 +0.0000 +0.0000 +0.0000 +0.0000 +0.0000 +0.0000

Joint Velocities (dq) [35]:
  +0.0033 +0.0557 +0.0895 +0.0211 -0.0354 -0.0500 -0.0558 +0.0471 +0.1546 -0.0078 -0.0656 -0.0351 +0.1142 +0.1480 -0.0979 +0.0381 -0.0914 +0.0452 +0.0479 -0.0566 -0.0265 +0.1988 +0.0625 -0.0235 -0.0357 +0.0911 +0.0223 -0.0001 -0.0504 +0.0000 +0.0000 +0.0000 +0.0000 +0.0000 +0.0000

Joint Torques (tau) [35]:
  +4.5578 +12.3336 -6.0050 -1.3578 +8.7883 +0.2462 -3.7989 -3.6145 +0.3308 +5.3311 +15.7295 -0.2243 +0.4500 +0.1196 -2.4406 -0.9566 +0.4512 +0.4615 -0.8805 -0.2765 -0.2383 -0.0193 -1.0671 -0.6737 -0.2336 -0.9153 -0.1185 -0.1296 -0.1596 +0.0000 +0.0000 +0.0000 +0.0000 +0.0000 +0.0000
