Step: 9321
Timestamp: 1779742898.616927

Joint Positions (q) [35]:
  +0.0008 +0.0340 +0.1667 +0.2062 -0.2061 +0.0171 +0.0179 -0.0484 -0.3389 +0.1795 -0.1451 +0.0372 +0.0209 +0.0062 +0.0053 +0.0178 +0.3058 -0.6372 +1.0895 +0.3254 +0.2172 +0.0164 +0.0309 -0.2600 +0.6592 +1.1706 -0.3197 +0.2220 -0.1233 +0.0000 +0.0000 +0.0000 +0.0000 +0.0000 +0.0000

Joint Velocities (dq) [35]:
  +0.0142 +0.0213 +0.0742 -0.0384 -0.0229 -0.0200 -0.0317 +0.0213 +0.0170 -0.0437 +0.0084 +0.0093 +0.0379 +0.0403 -0.0398 +0.0001 -0.0248 +0.0178 +0.0151 +0.0044 +0.0077 +0.0169 +0.0309 -0.0200 -0.0489 -0.0075 -0.0249 +0.0078 +0.0193 +0.0000 +0.0000 +0.0000 +0.0000 +0.0000 +0.0000

Joint Torques (tau) [35]:
  -1.1419 +9.3091 -2.9955 -3.1665 +8.6203 +0.0556 +3.9518 -2.6209 +0.3095 +8.8455 +16.8134 -0.1572 -0.4968 +0.5659 -3.4690 -1.8782 +0.1127 +0.4431 -1.4461 -0.2629 -0.3623 +0.2101 -1.2430 -0.3888 -0.3486 -1.0366 +0.1926 -0.2502 -0.2491 +0.0000 +0.0000 +0.0000 +0.0000 +0.0000 +0.0000
