Step: 11834
Timestamp: 1779743179.01458

Joint Positions (q) [35]:
  +0.0493 +0.0424 +0.1590 +0.1924 -0.2209 -0.0010 -0.0223 -0.0874 -0.3670 +0.2381 -0.1778 +0.0148 +0.0061 +0.0056 +0.0065 +0.0290 +0.3233 -0.7052 +1.0831 +0.2651 +0.2012 -0.0293 +0.0164 -0.2774 +0.6941 +1.1810 -0.2416 +0.2054 -0.0735 +0.0000 +0.0000 +0.0000 +0.0000 +0.0000 +0.0000

Joint Velocities (dq) [35]:
  -0.0144 +0.0119 -0.0253 +0.0634 -0.0718 +0.0113 +0.0290 +0.0077 -0.0262 -0.0120 +0.0074 -0.0080 +0.0316 -0.0353 +0.0485 -0.1089 +0.0056 +0.0482 +0.0240 +0.0617 +0.0751 -0.1571 -0.0067 +0.0246 -0.0052 -0.0576 -0.0623 +0.0993 +0.0464 +0.0000 +0.0000 +0.0000 +0.0000 +0.0000 +0.0000

Joint Torques (tau) [35]:
  -2.5016 +5.0267 -0.6770 -1.0839 +11.7753 -0.4333 +3.7972 -0.0521 +0.7161 +4.7171 +17.4880 +0.4078 -1.0456 +0.5019 -2.6828 -2.6215 +1.0716 +0.5091 -1.2693 -0.0303 -0.2616 +0.2518 -0.9629 -0.6355 -0.1224 -0.7127 +0.0608 -0.1557 +0.0111 +0.0000 +0.0000 +0.0000 +0.0000 +0.0000 +0.0000
