Step: 13153
Timestamp: 1779743326.4013574

Joint Positions (q) [35]:
  +0.0576 +0.0327 +0.1489 +0.2053 -0.2288 -0.0072 -0.0465 -0.1024 -0.3158 +0.3187 -0.2236 +0.0161 +0.0232 +0.0026 +0.0099 +0.0155 +0.3092 -0.6833 +1.1323 +0.2399 +0.1942 -0.0257 +0.0196 -0.3164 +0.7008 +1.1169 -0.2649 +0.1819 -0.0488 +0.0000 +0.0000 +0.0000 +0.0000 +0.0000 +0.0000

Joint Velocities (dq) [35]:
  -0.1921 -0.0393 -0.1259 +0.0893 -0.0102 -0.0036 -0.1408 -0.0747 -0.1141 +0.0994 +0.0576 -0.0096 -0.1425 -0.0170 -0.0887 -0.1494 +0.0314 -0.3346 +0.2161 -0.3204 +0.0074 +0.0086 -0.2097 +0.0275 +0.2946 +0.2282 +0.2281 -0.0030 -0.0191 +0.0000 +0.0000 +0.0000 +0.0000 +0.0000 +0.0000

Joint Torques (tau) [35]:
  -7.5165 +1.9850 -0.9672 -4.3606 +8.5504 -0.3565 +5.6161 +2.6331 +0.5450 +5.5052 +20.3100 +0.5212 +0.3016 +1.1693 -1.7193 -1.7507 +1.5729 +0.3588 -0.8947 -0.1356 -0.1157 +0.1264 -1.2902 -1.1248 -0.3717 -0.3550 +0.3599 +0.2148 +0.0939 +0.0000 +0.0000 +0.0000 +0.0000 +0.0000 +0.0000
