Step: 14302
Timestamp: 1779743454.1840355

Joint Positions (q) [35]:
  -0.0695 -0.0151 +0.0626 +0.3718 -0.3135 +0.0747 -0.3530 -0.1593 -0.2823 +0.3906 -0.0807 +0.0445 -0.0251 +0.0006 +0.0278 +0.0191 +0.3190 -0.7293 +1.1005 +0.2689 +0.1945 -0.0852 +0.0148 -0.3065 +0.5789 +1.0948 -0.2248 +0.2200 -0.1210 +0.0000 +0.0000 +0.0000 +0.0000 +0.0000 +0.0000

Joint Velocities (dq) [35]:
  +0.2653 -0.7424 -0.2338 -0.5844 +0.2738 +0.1196 -0.2454 -0.4161 +0.2166 -1.3601 +1.1415 +0.1370 +0.2085 -0.0865 +0.0974 -0.0011 +0.2181 -0.4926 -0.4240 +0.1695 +0.0600 -0.0843 -0.3548 +0.3228 +0.6733 +0.6365 -0.2473 -0.0153 +0.0771 +0.0000 +0.0000 +0.0000 +0.0000 +0.0000 +0.0000

Joint Torques (tau) [35]:
  +11.5150 +35.6149 -21.1136 -13.2078 +1.8523 -1.6494 -7.5990 +1.5932 +0.2917 +1.2374 +0.1189 -0.1012 -0.2120 -3.7036 -7.6715 -5.4171 +0.3111 +1.3682 -2.4182 -0.1041 -0.4221 +1.6847 -4.9466 -3.5759 -1.5223 -1.6515 +0.4565 -0.5885 -0.6795 +0.0000 +0.0000 +0.0000 +0.0000 +0.0000 +0.0000
