Step: 422
Timestamp: 1779741908.851761

Joint Positions (q) [35]:
  +0.0778 +0.0768 +0.1679 +0.1911 -0.2385 -0.0291 -0.0415 -0.0807 -0.2942 +0.1919 -0.1023 +0.0412 -0.0080 +0.0272 +0.0070 -0.0120 +0.3313 -0.7150 +1.1052 +0.3064 +0.1986 +0.0092 +0.0072 -0.2950 +0.6836 +1.1670 -0.2576 +0.1936 -0.1161 +0.0000 +0.0000 +0.0000 +0.0000 +0.0000 +0.0000

Joint Velocities (dq) [35]:
  +0.0900 -0.1265 +0.0201 -0.1858 +0.1194 +0.0881 +0.0136 -0.1214 -0.0775 +0.0119 +0.2472 +0.1717 +0.0862 +0.0128 +0.0961 -0.0329 +0.0289 -0.0200 -0.2563 -0.3861 +0.0484 -0.0682 -0.1026 -0.0562 +0.2738 +0.0745 +0.2655 -0.0121 +0.0838 +0.0000 +0.0000 +0.0000 +0.0000 +0.0000 +0.0000

Joint Torques (tau) [35]:
  -6.4551 -0.2818 +0.5624 -5.3645 +9.8226 -0.9763 +7.3983 +10.7003 -1.8971 +9.7764 +12.6347 +0.5216 -0.4692 -0.8678 -2.3236 -1.6343 +0.3057 +0.1112 -1.1034 -0.2364 -0.3078 +0.0405 -1.5401 -1.2679 -0.4470 -0.7095 +0.3076 -0.1616 -0.1443 +0.0000 +0.0000 +0.0000 +0.0000 +0.0000 +0.0000
