Step: 3953
Timestamp: 1779742301.650296

Joint Positions (q) [35]:
  +0.0589 +0.0576 +0.1287 +0.1975 -0.2332 -0.0291 -0.0006 -0.0667 -0.3069 +0.2385 -0.2047 +0.0114 +0.0087 +0.0074 +0.0050 +0.0116 +0.3319 -0.7262 +1.0822 +0.2716 +0.1899 -0.0680 +0.0475 -0.2908 +0.7375 +1.1208 -0.2685 +0.2113 +0.0232 +0.0000 +0.0000 +0.0000 +0.0000 +0.0000 +0.0000

Joint Velocities (dq) [35]:
  -0.0716 +0.0132 +0.0352 +0.0675 -0.0694 -0.0041 -0.0705 +0.0093 +0.0327 +0.0121 +0.0762 -0.0632 -0.0058 +0.0971 +0.0310 +0.0716 +0.0254 +0.0460 -0.2577 +0.1590 +0.0302 -0.0353 +0.0716 -0.1060 -0.1676 -0.2163 -0.0759 +0.0839 +0.1508 +0.0000 +0.0000 +0.0000 +0.0000 +0.0000 +0.0000

Joint Torques (tau) [35]:
  +0.5084 -0.3028 -0.6790 +1.1143 +11.5794 -0.1241 +0.8040 +0.0120 -0.9730 +5.1000 +21.7539 +0.8458 -0.8053 +1.1349 -2.8257 -2.0071 +1.3885 +0.4976 -0.9816 -0.0679 -0.1284 +0.0702 -0.9939 -1.0861 -0.4341 -0.7464 +0.1875 -0.1138 -0.0441 +0.0000 +0.0000 +0.0000 +0.0000 +0.0000 +0.0000
