Step: 14346
Timestamp: 1779743459.1051068

Joint Positions (q) [35]:
  +0.0417 +0.0550 +0.0699 +0.2044 -0.2170 -0.0239 -0.0869 -0.0732 -0.2803 +0.2082 -0.0750 +0.0037 +0.0037 +0.0053 +0.0084 +0.0017 +0.3280 -0.7479 +1.0895 +0.2706 +0.1971 -0.0595 +0.0228 -0.2912 +0.7317 +1.1532 -0.2301 +0.1826 -0.0663 +0.0000 +0.0000 +0.0000 +0.0000 +0.0000 +0.0000

Joint Velocities (dq) [35]:
  +0.0284 -0.0267 +0.0717 -0.0149 -0.0920 +0.0850 +0.0889 +0.0094 +0.0569 -0.2365 +0.1289 +0.1132 +0.0939 +0.0515 +0.0056 -0.0261 +0.0160 -0.0474 +0.0561 -0.3069 -0.0148 +0.0228 -0.0625 -0.0789 +0.1474 -0.0032 +0.0786 +0.0297 +0.2053 +0.0000 +0.0000 +0.0000 +0.0000 +0.0000 +0.0000

Joint Torques (tau) [35]:
  -10.0633 -5.4578 +2.0865 -8.4871 +4.1477 -1.3739 +12.0179 +9.2826 -2.2549 +7.0773 +8.3651 +1.0820 +0.3501 +1.5607 -3.0871 -2.0871 +1.1980 +0.6549 -1.1339 -0.1647 -0.1896 +0.2348 -2.0396 -1.7889 -0.5045 -0.7682 +0.0526 -0.0976 -0.1932 +0.0000 +0.0000 +0.0000 +0.0000 +0.0000 +0.0000
