Step: 2586
Timestamp: 1779742149.4718595

Joint Positions (q) [35]:
  +0.0371 +0.0355 +0.1809 +0.1980 -0.2481 +0.0145 +0.0227 -0.0909 -0.3415 +0.2285 -0.1792 +0.0525 +0.0078 -0.0009 +0.0008 +0.0165 +0.3063 -0.7130 +1.1049 +0.3008 +0.2129 -0.0064 +0.0320 -0.2710 +0.6960 +1.1645 -0.2781 +0.2199 -0.0123 +0.0000 +0.0000 +0.0000 +0.0000 +0.0000 +0.0000

Joint Velocities (dq) [35]:
  +0.0518 -0.0076 -0.0189 +0.0321 -0.0745 -0.0556 +0.0923 -0.0115 -0.0336 -0.0567 +0.0785 +0.1011 +0.0636 -0.0146 +0.0163 -0.0189 +0.1556 +0.1675 -0.1961 +0.0070 -0.0603 -0.2690 -0.0141 +0.0166 +0.1225 +0.0400 +0.0455 +0.0313 +0.0007 +0.0000 +0.0000 +0.0000 +0.0000 +0.0000 +0.0000

Joint Torques (tau) [35]:
  +1.7740 +7.2616 -2.6054 +4.9851 +24.7846 -0.6427 +1.5118 +1.0999 -0.6864 +5.7936 +16.0222 -0.1098 -1.0225 +0.4285 -2.5132 -2.0634 +1.0567 +0.4840 -1.1266 -0.1407 -0.2750 +0.0365 -0.8128 -1.4101 -0.3454 -0.4510 +0.0306 -0.0546 -0.0297 +0.0000 +0.0000 +0.0000 +0.0000 +0.0000 +0.0000
