Step: 13069
Timestamp: 1779743317.0950162

Joint Positions (q) [35]:
  +0.0478 +0.0478 +0.1198 +0.1996 -0.2208 -0.0096 +0.0016 -0.0739 -0.3629 +0.2136 -0.1738 +0.0129 +0.0058 +0.0101 +0.0058 -0.0093 +0.3302 -0.7689 +1.1024 +0.2280 +0.2039 -0.0638 +0.0088 -0.3073 +0.7731 +1.1400 -0.2033 +0.2100 -0.0684 +0.0000 +0.0000 +0.0000 +0.0000 +0.0000 +0.0000

Joint Velocities (dq) [35]:
  +0.0118 +0.0082 -0.0234 +0.0291 -0.0695 +0.0208 +0.0493 +0.0131 -0.0290 -0.0483 +0.0779 +0.0122 +0.0505 +0.0530 -0.0041 -0.0747 -0.0137 -0.0438 -0.0551 +0.1184 +0.0837 -0.1878 +0.0690 -0.1614 +0.1014 -0.2159 +0.2606 +0.0632 +0.1003 +0.0000 +0.0000 +0.0000 +0.0000 +0.0000 +0.0000

Joint Torques (tau) [35]:
  -1.3270 +3.4362 -2.5803 -1.5217 +10.7311 -0.5424 +1.8587 -0.2571 +0.8024 +5.0111 +19.1026 +0.5703 -0.3916 +2.0377 -2.4842 -2.6959 +1.6912 +0.5751 -1.1534 +0.1063 -0.2558 +0.4136 -1.3198 -0.8073 -0.2143 -0.5643 +0.0731 -0.0269 +0.1098 +0.0000 +0.0000 +0.0000 +0.0000 +0.0000 +0.0000
