Step: 14262
Timestamp: 1779743449.6755779

Joint Positions (q) [35]:
  +0.0403 +0.0134 +0.0436 +0.1880 -0.2155 +0.0151 -0.0542 -0.0593 -0.3114 +0.2000 -0.1124 -0.0016 +0.0249 +0.0232 +0.0085 +0.0016 +0.3093 -0.7372 +1.1136 +0.2361 +0.2071 -0.0512 +0.0250 -0.2911 +0.7163 +1.1547 -0.2600 +0.2060 -0.0576 +0.0000 +0.0000 +0.0000 +0.0000 +0.0000 +0.0000

Joint Velocities (dq) [35]:
  -0.0044 -0.0232 -0.0135 -0.0112 -0.0433 +0.0196 -0.0117 -0.0189 +0.0006 -0.0592 -0.1004 +0.0185 +0.0137 -0.0390 -0.0152 -0.0433 +0.0048 -0.0590 +0.0420 +0.0062 -0.0126 -0.0352 +0.0103 -0.0116 +0.0445 -0.0344 +0.0566 -0.0121 -0.0084 +0.0000 +0.0000 +0.0000 +0.0000 +0.0000 +0.0000

Joint Torques (tau) [35]:
  -7.8969 +4.5856 +0.8841 -5.3438 +7.5635 -0.7198 +10.2757 +0.2020 -0.1902 +7.7756 +11.5726 +0.3673 -0.3289 -0.5282 -2.7842 -1.6716 +1.2646 +0.4286 -0.7079 -0.0624 -0.0368 +0.1325 -1.2935 -1.0332 -0.3460 -0.8001 +0.0777 -0.1170 -0.2090 +0.0000 +0.0000 +0.0000 +0.0000 +0.0000 +0.0000
