Step: 14650
Timestamp: 1779743492.9207017

Joint Positions (q) [35]:
  +0.0529 +0.0211 +0.0845 +0.2070 -0.2340 +0.0209 -0.0162 -0.0882 -0.3489 +0.2092 -0.1254 +0.0190 +0.0380 -0.0085 +0.0096 +0.0046 +0.3405 -0.7359 +1.1200 +0.1832 +0.1753 -0.1036 +0.0302 -0.2892 +0.7603 +1.1668 -0.2032 +0.1859 +0.0057 +0.0000 +0.0000 +0.0000 +0.0000 +0.0000 +0.0000

Joint Velocities (dq) [35]:
  +0.3337 -0.0046 -0.0374 -0.1917 -0.0640 +0.0295 +0.2835 +0.0223 +0.0052 -0.1237 -0.1308 +0.0506 +0.0875 -0.1321 -0.1745 +0.3803 -0.0661 +0.2031 +0.0192 +0.0882 -0.0242 -0.1070 +0.2546 -0.0418 +0.0195 -0.0234 +0.2026 -0.0888 +0.0939 +0.0000 +0.0000 +0.0000 +0.0000 +0.0000 +0.0000

Joint Torques (tau) [35]:
  -8.4815 +5.1399 -1.5779 -7.1902 +9.5419 -1.0404 +12.6142 +4.2164 -0.0086 +11.3600 +14.8337 +0.6236 +0.3566 +0.2152 -2.6378 -0.7786 +1.4422 +0.2115 -0.3867 +0.1493 +0.0413 +0.0494 -1.1515 -2.3319 -0.3173 -0.2102 -0.0833 +0.1160 -0.1700 +0.0000 +0.0000 +0.0000 +0.0000 +0.0000 +0.0000
