Step: 12990
Timestamp: 1779743308.036224

Joint Positions (q) [35]:
  +0.0565 +0.0032 +0.1805 +0.2433 -0.2763 +0.0245 -0.0867 -0.1456 -0.2869 +0.4123 -0.2748 +0.0420 +0.0225 -0.0604 +0.0184 -0.0011 +0.3081 -0.7073 +1.1703 +0.2645 +0.2132 -0.0902 -0.0326 -0.2911 +0.6721 +1.1855 -0.2041 +0.1954 +0.0131 +0.0000 +0.0000 +0.0000 +0.0000 +0.0000 +0.0000

Joint Velocities (dq) [35]:
  +0.0399 -0.0324 -0.1064 -0.1104 +0.0469 +0.0391 +0.0832 -0.0207 -0.1024 -0.1010 +0.0898 +0.0172 -0.1245 -0.0330 +0.1014 -0.2137 -0.1216 -0.1483 +0.4154 -0.0487 -0.0108 +0.1263 -0.4556 +0.0984 +0.2750 +0.2404 -0.4186 -0.2479 -0.4014 +0.0000 +0.0000 +0.0000 +0.0000 +0.0000 +0.0000

Joint Torques (tau) [35]:
  -6.5190 +9.2417 -4.0538 -2.3181 +20.2870 -0.6626 +9.6805 +5.8064 +1.2914 +6.0416 +21.3720 +0.0273 -0.2288 +0.5907 -3.7354 -1.8262 +1.3322 +0.6173 -1.1362 -0.1548 -0.2923 +0.4056 -0.5783 -2.1499 -0.6563 -0.3116 +0.4638 +0.0349 -0.2948 +0.0000 +0.0000 +0.0000 +0.0000 +0.0000 +0.0000
