Step: 622
Timestamp: 1779741931.152326

Joint Positions (q) [35]:
  +0.0849 +0.0813 +0.1837 +0.1750 -0.2366 -0.0289 -0.0456 -0.0818 -0.3640 +0.2083 -0.1020 +0.0416 +0.0090 +0.0092 +0.0123 -0.0004 +0.3205 -0.7438 +1.1026 +0.2722 +0.1993 -0.0760 +0.0298 -0.2804 +0.7300 +1.1468 -0.2674 +0.2189 -0.0036 +0.0000 +0.0000 +0.0000 +0.0000 +0.0000 +0.0000

Joint Velocities (dq) [35]:
  -0.0900 +0.0087 +0.0146 +0.0013 +0.0144 +0.0008 -0.1291 +0.0041 +0.0431 +0.0132 +0.2747 +0.0029 +0.0001 +0.0100 +0.0455 +0.0033 +0.0567 -0.0564 -0.0753 -0.2478 +0.0860 +0.0549 -0.0119 -0.0228 -0.0207 -0.0283 +0.1322 +0.0639 -0.0282 +0.0000 +0.0000 +0.0000 +0.0000 +0.0000 +0.0000

Joint Torques (tau) [35]:
  -7.5181 -1.0057 -0.2027 -4.3465 +9.3687 -0.6767 +10.7094 +7.2343 -0.6810 +12.4012 +17.7053 +0.0874 -0.2753 +0.5296 -3.3775 -1.5494 +0.8164 +0.3657 -0.9484 -0.0905 -0.1465 +0.1220 -1.1506 -1.2374 -0.4179 -0.7241 +0.1286 -0.0871 -0.0873 +0.0000 +0.0000 +0.0000 +0.0000 +0.0000 +0.0000
