Step: 11208
Timestamp: 1779743109.2493236

Joint Positions (q) [35]:
  +0.1068 +0.0470 +0.2027 +0.1949 -0.2791 -0.0037 -0.0740 -0.0647 -0.3387 +0.2512 -0.1376 +0.0042 -0.0245 +0.0339 +0.0083 +0.0153 +0.2875 -0.6717 +1.1430 +0.2946 +0.1945 +0.0159 +0.0307 -0.2793 +0.6080 +1.1675 -0.3447 +0.1583 -0.0608 +0.0000 +0.0000 +0.0000 +0.0000 +0.0000 +0.0000

Joint Velocities (dq) [35]:
  -0.0066 +0.0005 +0.0252 -0.1295 +0.1639 +0.0040 -0.0058 +0.0390 +0.0157 -0.1324 +0.0101 -0.0456 -0.0686 +0.0166 +0.0323 -0.0409 -0.0120 -0.0706 +0.0520 -0.0949 +0.0482 +0.0544 -0.0155 +0.0046 -0.0535 -0.0778 -0.1168 +0.0752 +0.0235 +0.0000 +0.0000 +0.0000 +0.0000 +0.0000 +0.0000

Joint Torques (tau) [35]:
  -7.8706 +9.1154 -2.1528 -5.1126 +11.0931 -0.1345 +8.5296 -1.0998 +0.5922 +6.7353 +15.9488 +0.0052 +0.3306 -0.5160 -2.1437 -1.6538 +0.8312 +0.4399 -1.0375 -0.1461 -0.1879 +0.2324 -1.5808 -1.2061 -0.3175 -0.8375 +0.0664 -0.1415 -0.1246 +0.0000 +0.0000 +0.0000 +0.0000 +0.0000 +0.0000
