Step: 6133
Timestamp: 1779742544.588994

Joint Positions (q) [35]:
  +0.0563 +0.0076 +0.1263 +0.1967 -0.1969 +0.0042 +0.1284 -0.0702 -0.3888 +0.1845 -0.2272 +0.0421 +0.0160 +0.0152 +0.0080 +0.0603 +0.3128 -0.6492 +1.0628 +0.3267 +0.1794 -0.1282 +0.0637 -0.2716 +0.6654 +1.1584 -0.3040 +0.2034 +0.0691 +0.0000 +0.0000 +0.0000 +0.0000 +0.0000 +0.0000

Joint Velocities (dq) [35]:
  -0.0962 +0.0300 -0.0153 +0.0014 -0.0482 -0.0442 -0.0459 +0.0660 +0.1332 -0.1482 +0.1802 +0.0933 +0.0097 -0.0509 -0.0235 +0.0589 +0.0135 +0.1286 -0.0737 +0.1443 -0.0106 +0.0068 -0.0016 +0.0199 +0.0271 -0.0421 -0.0734 +0.0380 -0.0199 +0.0000 +0.0000 +0.0000 +0.0000 +0.0000 +0.0000

Joint Torques (tau) [35]:
  +0.8092 +10.8609 -4.8063 +0.0315 +11.5686 +0.6053 -1.1267 -7.4992 +1.8082 +5.1417 +17.4267 +0.0138 -0.0388 -0.5275 -1.4931 -1.4415 +1.3946 +0.4148 -0.8305 -0.0726 -0.1053 +0.1127 -1.3295 -0.9869 -0.3064 -0.7721 +0.0699 -0.1038 -0.0542 +0.0000 +0.0000 +0.0000 +0.0000 +0.0000 +0.0000
