Step: 14995
Timestamp: 1779743531.615077

Joint Positions (q) [35]:
  +0.0446 +0.0209 +0.0741 +0.2034 -0.2250 +0.0204 +0.0086 -0.0733 -0.3071 +0.1990 -0.1357 +0.0224 +0.0183 +0.0265 +0.0092 -0.0130 +0.2981 -0.7272 +1.1187 +0.3034 +0.2093 -0.0783 -0.0199 -0.2621 +0.7153 +1.2387 -0.2724 +0.2200 -0.0404 +0.0000 +0.0000 +0.0000 +0.0000 +0.0000 +0.0000

Joint Velocities (dq) [35]:
  +0.1199 +0.0197 +0.0448 -0.1462 -0.0226 -0.0081 +0.0213 +0.0261 +0.0040 -0.0408 -0.0659 -0.0535 +0.1307 +0.0101 -0.0143 +0.1070 -0.0074 +0.1771 -0.1590 +0.1973 +0.0468 -0.1347 +0.0356 +0.0036 -0.0294 -0.0057 +0.0086 +0.1133 +0.0569 +0.0000 +0.0000 +0.0000 +0.0000 +0.0000 +0.0000

Joint Torques (tau) [35]:
  -2.7588 +7.8027 -2.3593 -4.1381 +10.5088 -0.4417 +4.9898 +0.8359 +0.8964 +9.5375 +16.0538 +0.5650 +0.8005 -0.1696 -2.7456 -0.8928 +0.7044 +0.3815 -0.7441 -0.1230 -0.0980 +0.0032 -1.1286 -0.6776 -0.1110 -0.6736 +0.0233 -0.0033 +0.0294 +0.0000 +0.0000 +0.0000 +0.0000 +0.0000 +0.0000
