Step: 7563
Timestamp: 1779742703.9002297

Joint Positions (q) [35]:
  -0.1269 -0.0244 +0.1843 +0.2701 -0.1266 +0.0444 +0.1442 -0.0785 -0.4061 +0.1857 -0.2957 +0.0079 +0.0298 +0.0107 -0.0020 +0.0045 +0.2942 -0.6914 +1.0761 +0.3476 +0.2207 -0.0591 +0.0442 -0.3036 +0.6588 +1.1212 -0.3086 +0.2081 -0.1145 +0.0000 +0.0000 +0.0000 +0.0000 +0.0000 +0.0000

Joint Velocities (dq) [35]:
  -0.1587 +0.0461 -0.0431 +0.0745 -0.0904 -0.0256 -0.0910 +0.0629 -0.0358 -0.0853 +0.1544 -0.0277 +0.0717 +0.0223 -0.0688 -0.0502 -0.0244 +0.0966 -0.0247 +0.2947 -0.1058 -0.0779 -0.0555 +0.0418 +0.2125 +0.1624 +0.1158 +0.0277 +0.0802 +0.0000 +0.0000 +0.0000 +0.0000 +0.0000 +0.0000

Joint Torques (tau) [35]:
  +8.7824 +6.9224 -4.2497 +3.3782 +9.3892 +0.8006 -12.2430 -10.6283 +0.0404 -3.2558 +16.8720 +1.4517 +0.4540 -2.2098 -0.0621 -1.5495 +1.9704 +0.3391 -0.6891 +0.0826 -0.0201 +0.1439 -1.2951 -0.5170 -0.1543 -0.8166 +0.0869 -0.1332 -0.0812 +0.0000 +0.0000 +0.0000 +0.0000 +0.0000 +0.0000
