Step: 3468
Timestamp: 1779742247.59695

Joint Positions (q) [35]:
  +0.0819 +0.0576 +0.1934 +0.1811 -0.2372 -0.0021 +0.0079 -0.0607 -0.3231 +0.1812 -0.1299 +0.0034 -0.0203 +0.0027 +0.0013 -0.0123 +0.3235 -0.6891 +1.1141 +0.3000 +0.1926 +0.0229 -0.0189 -0.2921 +0.6670 +1.1238 -0.3590 +0.1731 -0.2509 +0.0000 +0.0000 +0.0000 +0.0000 +0.0000 +0.0000

Joint Velocities (dq) [35]:
  -0.0401 +0.0533 -0.0564 +0.0995 -0.0971 -0.0243 +0.0314 +0.0420 -0.0656 -0.0220 +0.0781 -0.0361 -0.0194 +0.0770 -0.0662 +0.0234 -0.1297 +0.1438 +0.1120 +0.2265 +0.0054 +0.0532 +0.1223 +0.0416 -0.1674 -0.0537 -0.2147 +0.1062 -0.0849 +0.0000 +0.0000 +0.0000 +0.0000 +0.0000 +0.0000

Joint Torques (tau) [35]:
  -6.2780 +3.8492 -2.1614 -3.4374 +11.5982 -0.4431 +6.7000 +2.4729 -0.2929 +10.4426 +18.1708 +0.7989 +0.3283 +4.2853 -0.4287 -1.1275 +0.1016 +0.4183 -1.0418 -0.3354 -0.2436 +0.1001 +0.8338 +0.5060 +0.2925 +0.3661 +0.4015 +0.1192 +1.2348 +0.0000 +0.0000 +0.0000 +0.0000 +0.0000 +0.0000
