Step: 4923
Timestamp: 1779742409.7644124

Joint Positions (q) [35]:
  +0.0681 +0.0551 +0.1595 +0.1749 -0.2249 -0.0025 -0.0563 -0.0661 -0.3634 +0.1908 -0.0639 +0.0282 +0.0088 +0.0019 +0.0117 -0.0362 +0.3121 -0.7483 +1.1117 +0.2254 +0.1784 -0.0453 +0.0064 -0.2883 +0.7530 +1.1736 -0.1808 +0.2143 -0.0223 +0.0000 +0.0000 +0.0000 +0.0000 +0.0000 +0.0000

Joint Velocities (dq) [35]:
  -0.0270 +0.0335 -0.0107 -0.0015 -0.0210 -0.0042 -0.0112 +0.0391 -0.0074 -0.0614 +0.0545 -0.0068 +0.0149 +0.0078 -0.0194 -0.0174 +0.0622 -0.0442 -0.0134 -0.1646 +0.0195 -0.0186 -0.0202 +0.0126 +0.1032 +0.0370 +0.0356 +0.0168 -0.0380 +0.0000 +0.0000 +0.0000 +0.0000 +0.0000 +0.0000

Joint Torques (tau) [35]:
  -7.5020 +6.3976 -2.3913 -6.1307 +7.7505 -0.4554 +10.5299 +1.1655 +0.2007 +11.7565 +15.7005 -0.2865 +0.1020 +1.7374 -3.3847 -1.6260 +1.8268 +0.3888 -0.5651 +0.0290 +0.0129 +0.1585 -1.4923 -1.4469 -0.4029 -0.6742 +0.0940 -0.0942 -0.1936 +0.0000 +0.0000 +0.0000 +0.0000 +0.0000 +0.0000
