Step: 8170
Timestamp: 1779742771.0910828

Joint Positions (q) [35]:
  +0.0266 +0.0188 +0.1239 +0.2268 -0.1946 -0.0006 +0.1241 -0.0912 -0.3969 +0.2058 -0.2173 +0.0681 +0.0125 +0.0175 +0.0101 +0.0096 +0.3234 -0.7182 +1.1004 +0.2542 +0.1845 -0.1225 +0.0513 -0.2972 +0.6860 +1.1516 -0.2145 +0.2147 +0.0222 +0.0000 +0.0000 +0.0000 +0.0000 +0.0000 +0.0000

Joint Velocities (dq) [35]:
  -0.0441 -0.0038 -0.0022 +0.0963 -0.0892 +0.0246 -0.0002 -0.0069 +0.0195 -0.0059 +0.0250 +0.0239 +0.0382 +0.0293 -0.0351 +0.0187 -0.0244 +0.1622 +0.0595 +0.0363 -0.0769 -0.0709 +0.0263 -0.0324 -0.0934 +0.0273 +0.0078 -0.0764 +0.0079 +0.0000 +0.0000 +0.0000 +0.0000 +0.0000 +0.0000

Joint Torques (tau) [35]:
  +0.3647 +7.1126 -4.8688 -2.2421 +8.6175 +0.1199 -1.6530 -1.9574 +1.2902 +5.3777 +17.4219 +0.2553 +0.0970 -0.0759 -1.6173 -1.7427 +1.1218 +0.6318 -0.8947 +0.0542 -0.2388 -0.0047 -1.3751 -1.5865 -0.4828 -0.6793 +0.0138 -0.1450 -0.1488 +0.0000 +0.0000 +0.0000 +0.0000 +0.0000 +0.0000
