Step: 10454
Timestamp: 1779743024.8449688

Joint Positions (q) [35]:
  +0.0859 +0.0129 +0.1169 +0.2140 -0.3020 +0.0086 -0.2133 -0.1159 -0.3150 +0.3865 -0.1532 -0.0058 +0.0294 -0.0558 +0.0082 -0.0174 +0.3036 -0.6969 +1.1663 +0.3246 +0.2180 -0.0481 -0.0275 -0.2714 +0.7032 +1.1694 -0.2700 +0.2214 +0.0488 +0.0000 +0.0000 +0.0000 +0.0000 +0.0000 +0.0000

Joint Velocities (dq) [35]:
  -0.0455 -0.3709 +0.2635 +0.1503 -0.1548 +0.0933 -0.7323 -0.4769 +0.4384 +1.3569 -0.5677 -0.0439 +0.0015 -0.5208 +0.1593 -0.0607 +0.2763 +0.1652 -0.1171 +0.0736 +0.0160 +0.0004 -0.0967 +0.1269 -0.1793 -0.1485 -0.0127 +0.0893 -0.0113 +0.0000 +0.0000 +0.0000 +0.0000 +0.0000 +0.0000

Joint Torques (tau) [35]:
  -18.3857 +5.9869 +0.7631 -12.8837 +9.4569 -0.2700 +21.0067 +9.0788 -0.3341 +13.5510 +17.2465 +0.1557 -1.3278 +2.3315 -2.9146 -3.2625 +0.4131 +0.5589 -1.4807 -0.1690 -0.2617 +0.3024 -2.5470 -1.5678 -0.6466 -1.3295 +0.0673 -0.4100 -0.6412 +0.0000 +0.0000 +0.0000 +0.0000 +0.0000 +0.0000
