Step: 607
Timestamp: 1779741929.5325773

Joint Positions (q) [35]:
  +0.1013 +0.0862 +0.1804 +0.1747 -0.2455 -0.0334 -0.0237 -0.0757 -0.3674 +0.1979 -0.1120 +0.0438 +0.0077 +0.0181 +0.0082 +0.0154 +0.3194 -0.7031 +1.0934 +0.2969 +0.1853 -0.1200 +0.0430 -0.2836 +0.6847 +1.1503 -0.2992 +0.1873 +0.0275 +0.0000 +0.0000 +0.0000 +0.0000 +0.0000 +0.0000

Joint Velocities (dq) [35]:
  -0.0336 +0.0142 -0.0248 -0.0395 +0.0050 +0.0057 -0.0559 +0.0047 -0.0279 +0.0067 +0.1838 +0.0317 -0.0106 -0.0450 +0.0024 -0.0671 +0.0157 -0.0418 +0.0224 -0.0172 +0.0820 +0.1850 -0.0610 +0.0487 +0.1099 +0.0706 +0.1521 +0.1171 -0.1136 +0.0000 +0.0000 +0.0000 +0.0000 +0.0000 +0.0000

Joint Torques (tau) [35]:
  -7.0789 -2.3940 -2.6453 -1.4143 +13.6341 -0.8209 +9.8115 +7.3149 -0.3070 +13.1145 +18.5843 -0.0079 -0.1124 +0.0102 -2.7721 -1.2669 +1.1737 +0.3069 -0.8150 -0.1544 -0.0582 +0.1562 -1.2945 -1.5522 -0.4880 -0.7744 +0.2228 -0.0250 -0.2905 +0.0000 +0.0000 +0.0000 +0.0000 +0.0000 +0.0000
