Step: 8507
Timestamp: 1779742808.728152

Joint Positions (q) [35]:
  +0.1188 +0.0500 +0.1980 +0.1683 -0.2624 +0.0072 -0.1466 -0.0669 -0.3346 +0.1871 +0.0395 +0.0027 +0.0136 +0.0078 +0.0174 -0.0005 +0.3842 -0.6719 +1.1110 +0.1155 +0.1833 -0.0537 -0.0055 -0.3304 +0.7155 +1.1519 -0.2239 +0.1360 -0.0170 +0.0000 +0.0000 +0.0000 +0.0000 +0.0000 +0.0000

Joint Velocities (dq) [35]:
  +0.0331 -0.0457 +0.0206 -0.0824 +0.0205 +0.0558 -0.0506 -0.0522 -0.0532 +0.0349 -0.0658 +0.0476 +0.0001 +0.0330 -0.0273 +0.0428 -0.3131 +0.1139 -0.0441 +0.3527 -0.1516 +0.1047 +0.1164 +0.0986 -0.0898 -0.1121 -0.2918 -0.0171 +0.1274 +0.0000 +0.0000 +0.0000 +0.0000 +0.0000 +0.0000

Joint Torques (tau) [35]:
  -18.8766 +5.6852 +0.6598 -11.1395 +8.9615 -0.7545 +22.4564 +8.0461 -0.5847 +16.8966 +13.4481 +0.0572 +0.2055 +0.4436 -2.5477 -0.6753 +0.7419 +0.1483 -0.5962 +0.1153 -0.1532 +0.0137 -1.0135 -2.2031 -0.3550 -0.2538 -0.1067 +0.0447 -0.1356 +0.0000 +0.0000 +0.0000 +0.0000 +0.0000 +0.0000
