Step: 9581
Timestamp: 1779742927.4080346

Joint Positions (q) [35]:
  -0.0303 +0.0066 +0.1579 +0.2319 -0.1883 +0.0268 +0.0263 -0.0785 -0.3682 +0.2166 -0.1995 +0.0232 +0.0055 +0.0023 +0.0055 +0.0158 +0.3217 -0.7330 +1.0844 +0.2543 +0.2180 -0.0370 +0.0403 -0.2955 +0.6922 +1.1178 -0.2562 +0.2271 -0.0589 +0.0000 +0.0000 +0.0000 +0.0000 +0.0000 +0.0000

Joint Velocities (dq) [35]:
  -0.0367 -0.0105 -0.0095 -0.0099 -0.0078 -0.0513 +0.0600 +0.0110 -0.0936 -0.0011 -0.1271 -0.0158 +0.0110 +0.0141 -0.0565 -0.0079 +0.0210 -0.0790 -0.0072 -0.0356 -0.0196 -0.0160 +0.0234 -0.0337 +0.0831 -0.0344 +0.0471 +0.0102 -0.0138 +0.0000 +0.0000 +0.0000 +0.0000 +0.0000 +0.0000

Joint Torques (tau) [35]:
  -1.5828 +11.4222 -3.5586 -5.0006 +5.8322 +0.1974 +2.9854 -5.5291 +0.9739 +5.8365 +14.6019 +0.3394 -0.0892 +0.0293 -2.6187 -1.6828 +1.0432 +0.5102 -1.0315 -0.1879 -0.2021 +0.0372 -1.2746 -1.1022 -0.3494 -0.7944 +0.0515 -0.1097 -0.1705 +0.0000 +0.0000 +0.0000 +0.0000 +0.0000 +0.0000
