Step: 14810
Timestamp: 1779743511.1451519

Joint Positions (q) [35]:
  +0.0383 +0.0269 +0.0642 +0.1923 -0.2284 +0.0263 -0.0088 -0.0698 -0.3138 +0.1981 -0.1131 +0.0364 +0.0157 +0.0144 +0.0102 -0.0072 +0.3192 -0.7436 +1.1084 +0.2416 +0.2137 -0.0867 +0.0110 -0.2813 +0.7323 +1.1786 -0.2428 +0.2150 -0.0287 +0.0000 +0.0000 +0.0000 +0.0000 +0.0000 +0.0000

Joint Velocities (dq) [35]:
  +0.0334 +0.0381 +0.0951 -0.0308 -0.0375 +0.0180 -0.0119 +0.0471 +0.0417 -0.0879 +0.0339 -0.0058 +0.0189 +0.0707 -0.0209 +0.0044 -0.1375 +0.1701 +0.0530 +0.2622 +0.1667 -0.0067 +0.0939 +0.0353 -0.1127 -0.0563 -0.2253 +0.0621 -0.0958 +0.0000 +0.0000 +0.0000 +0.0000 +0.0000 +0.0000

Joint Torques (tau) [35]:
  -4.3869 +6.0067 +0.1120 -2.4394 +12.9152 -0.9495 +7.7239 +2.9570 -0.6510 +10.3547 +15.7905 +0.1644 -1.3451 +1.0925 -3.7667 -2.9096 +0.8265 +0.4757 -1.6914 +0.0264 -0.6529 +0.4212 -0.6255 -0.5959 -0.2031 -0.6635 +0.1797 -0.1306 -0.0221 +0.0000 +0.0000 +0.0000 +0.0000 +0.0000 +0.0000
