Step: 3233
Timestamp: 1779742221.4369874

Joint Positions (q) [35]:
  +0.0123 +0.0427 +0.1841 +0.2202 -0.2018 -0.0119 +0.0508 -0.0778 -0.3703 +0.2166 -0.2214 +0.0266 -0.0210 +0.0511 +0.0053 +0.0266 +0.3319 -0.7163 +1.0797 +0.2213 +0.1704 -0.1076 +0.0536 -0.2973 +0.6390 +1.1766 -0.2228 +0.1756 -0.0206 +0.0000 +0.0000 +0.0000 +0.0000 +0.0000 +0.0000

Joint Velocities (dq) [35]:
  -0.0391 -0.0102 -0.0489 +0.1260 -0.1659 -0.0095 -0.0110 -0.0469 -0.0541 +0.1060 -0.0127 +0.1189 -0.0266 -0.1202 -0.0265 +0.0189 -0.0028 +0.0493 +0.0589 +0.0844 +0.0138 -0.0228 -0.0009 +0.0288 -0.0133 -0.0717 -0.0901 +0.0129 -0.0312 +0.0000 +0.0000 +0.0000 +0.0000 +0.0000 +0.0000

Joint Torques (tau) [35]:
  +3.6099 +5.6434 -3.9592 +3.1389 +15.4513 +0.0214 -3.3288 -4.4190 +1.4475 +2.1141 +15.5809 +0.0481 +0.1749 -0.9647 -1.9433 -1.1797 +1.6835 +0.4578 -0.6598 -0.0957 -0.0887 +0.1157 -1.1979 -1.1622 -0.3028 -0.7074 +0.0605 -0.1263 -0.1050 +0.0000 +0.0000 +0.0000 +0.0000 +0.0000 +0.0000
