Step: 8623
Timestamp: 1779742821.4406953

Joint Positions (q) [35]:
  +0.0157 +0.0315 +0.1160 +0.1921 -0.1865 -0.0026 -0.0574 -0.0647 -0.2747 +0.2091 -0.1173 +0.0021 -0.0079 +0.0864 +0.0056 -0.0017 +0.2982 -0.7052 +1.1042 +0.2631 +0.1808 -0.0234 +0.0576 -0.3035 +0.6522 +1.1775 -0.1950 +0.1830 -0.0372 +0.0000 +0.0000 +0.0000 +0.0000 +0.0000 +0.0000

Joint Velocities (dq) [35]:
  +0.2163 +0.0027 +0.0710 -0.1249 -0.0566 -0.0197 +0.1598 +0.0309 +0.0832 -0.1037 +0.1110 +0.0056 +0.0191 -0.0439 -0.0633 +0.0751 -0.1616 -0.0786 +0.0892 +0.3539 +0.1376 -0.0225 +0.2904 +0.0282 -0.0896 -0.2810 -0.0749 +0.0133 +0.1149 +0.0000 +0.0000 +0.0000 +0.0000 +0.0000 +0.0000

Joint Torques (tau) [35]:
  -0.1225 +3.6602 -0.1153 -2.7705 +3.0021 -0.6389 -1.5705 -1.1974 -2.3548 -0.3193 +6.8083 +0.6253 +0.1772 -1.3500 -1.0425 -1.7480 +1.5455 +0.5396 -0.7967 -0.0923 -0.1435 +0.1028 -1.1044 -1.1581 -0.2102 -0.5565 -0.0649 -0.0647 -0.0717 +0.0000 +0.0000 +0.0000 +0.0000 +0.0000 +0.0000
