Step: 11156
Timestamp: 1779743103.3746796

Joint Positions (q) [35]:
  +0.0892 +0.0659 +0.1915 +0.1886 -0.2447 -0.0309 -0.0912 -0.0332 -0.2372 +0.2472 -0.1254 -0.0161 -0.0152 +0.0281 +0.0056 +0.0045 +0.2894 -0.6578 +1.1187 +0.2504 +0.1766 -0.0250 +0.0414 -0.2906 +0.6354 +1.1493 -0.2868 +0.1699 -0.0093 +0.0000 +0.0000 +0.0000 +0.0000 +0.0000 +0.0000

Joint Velocities (dq) [35]:
  +0.0617 -0.0236 -0.0382 -0.0796 +0.0134 +0.0322 +0.0606 -0.0186 -0.0320 -0.0139 -0.1559 +0.0390 +0.0163 +0.0029 -0.0444 +0.0010 -0.0099 +0.0152 +0.0208 -0.0450 +0.0102 +0.0165 +0.0400 -0.0256 +0.0331 -0.0604 -0.0213 +0.0165 +0.0407 +0.0000 +0.0000 +0.0000 +0.0000 +0.0000 +0.0000

Joint Torques (tau) [35]:
  -1.5651 -1.5420 -1.7403 -1.1192 +8.0394 -0.4255 +2.3356 +2.0496 -1.8925 +2.8800 +15.6960 +0.5172 +0.1269 -0.8912 -2.3366 -1.2413 +1.3813 +0.2624 -0.6904 +0.0189 -0.0804 +0.0720 -1.3158 -1.1195 -0.3354 -0.8451 +0.0950 -0.1558 -0.0704 +0.0000 +0.0000 +0.0000 +0.0000 +0.0000 +0.0000
