Step: 15128
Timestamp: 1779743546.4564497

Joint Positions (q) [35]:
  +0.0253 +0.0201 +0.1088 +0.1815 -0.2055 +0.0250 -0.0256 -0.0776 -0.3525 +0.1912 -0.1106 +0.0177 +0.0144 +0.0023 +0.0088 -0.0158 +0.3202 -0.7398 +1.1250 +0.2544 +0.1919 -0.0651 -0.0180 -0.2746 +0.7443 +1.2111 -0.2193 +0.2098 -0.0544 +0.0000 +0.0000 +0.0000 +0.0000 +0.0000 +0.0000

Joint Velocities (dq) [35]:
  -0.1478 -0.0467 -0.0405 +0.0258 -0.0434 +0.0178 -0.0804 -0.0471 -0.1080 +0.0051 -0.1175 -0.0850 -0.0371 -0.0167 -0.0308 +0.0727 -0.0470 +0.1873 -0.0254 +0.3490 -0.1241 +0.1462 -0.0052 +0.0415 -0.1762 +0.0033 -0.2933 -0.0054 +0.1443 +0.0000 +0.0000 +0.0000 +0.0000 +0.0000 +0.0000

Joint Torques (tau) [35]:
  -5.0772 +8.7077 -2.9550 -5.7289 +6.2933 -0.3052 +7.5103 -0.0975 +0.3439 +9.9192 +15.3000 +0.5958 -0.0770 +0.4912 -2.8935 -1.4794 +0.9168 +0.3546 -0.8780 -0.0355 -0.1522 +0.1823 -1.3233 -0.9027 -0.3658 -0.7117 +0.1906 -0.1191 +0.0166 +0.0000 +0.0000 +0.0000 +0.0000 +0.0000 +0.0000
