Step: 5072
Timestamp: 1779742426.1653714

Joint Positions (q) [35]:
  +0.1496 +0.0251 +0.1713 +0.2011 -0.2883 +0.0145 -0.0152 -0.0931 -0.2325 +0.3526 -0.2029 +0.0665 +0.0824 -0.0716 +0.0137 +0.1083 +0.3351 -0.6025 +1.1125 +0.1599 +0.2004 -0.1154 +0.0236 -0.2973 +0.6442 +1.1255 -0.2576 +0.1909 -0.0066 +0.0000 +0.0000 +0.0000 +0.0000 +0.0000 +0.0000

Joint Velocities (dq) [35]:
  -0.0134 +0.1742 +0.0335 +0.1490 -0.1415 +0.0137 +0.1170 +0.1934 +0.0125 -0.2461 +0.2261 -0.0032 +0.1500 +0.0726 +0.2106 -0.0319 +0.1429 +0.0831 -0.2615 +0.1231 +0.0005 -0.1866 +0.1140 -0.0610 -0.1641 -0.2030 -0.0581 +0.0383 -0.0732 +0.0000 +0.0000 +0.0000 +0.0000 +0.0000 +0.0000

Joint Torques (tau) [35]:
  -9.6021 +2.7755 -1.3932 -4.2535 +16.7687 -1.0858 +8.7695 +5.9432 -0.4180 +7.8418 +15.2788 -0.3406 -0.3264 +4.8751 -1.7526 -1.3674 +0.9507 +0.1760 -0.8964 +0.0617 -0.1441 +0.0430 -3.2432 -2.2142 -0.7762 -1.8035 -0.1940 -0.5815 -1.1192 +0.0000 +0.0000 +0.0000 +0.0000 +0.0000 +0.0000
