Step: 1831
Timestamp: 1779742065.5073292

Joint Positions (q) [35]:
  +0.0740 +0.0706 +0.1713 +0.1659 -0.2219 -0.0232 +0.0174 -0.0644 -0.3686 +0.1813 -0.1364 +0.0449 +0.0230 +0.0163 +0.0079 -0.0099 +0.3136 -0.7657 +1.1080 +0.2670 +0.2031 -0.0576 +0.0189 -0.2962 +0.7676 +1.1369 -0.2571 +0.2273 -0.0283 +0.0000 +0.0000 +0.0000 +0.0000 +0.0000 +0.0000

Joint Velocities (dq) [35]:
  -0.0340 +0.0089 +0.0133 -0.0340 +0.0068 -0.0104 -0.0487 +0.0146 +0.0130 -0.0400 +0.1584 -0.0229 +0.0060 +0.0263 -0.0056 -0.0157 -0.0216 -0.0088 +0.0115 +0.0097 +0.0244 +0.0323 +0.0240 -0.0237 -0.0048 -0.0557 -0.0243 +0.0133 -0.0303 +0.0000 +0.0000 +0.0000 +0.0000 +0.0000 +0.0000

Joint Torques (tau) [35]:
  -4.1351 +1.8107 -1.7461 -0.7846 +13.2204 -0.5812 +7.0447 +3.1483 +0.3492 +11.3643 +18.5292 +0.0360 +0.0233 +0.5503 -3.0385 -1.2924 +1.1182 +0.3608 -0.7438 -0.0625 -0.0875 +0.1296 -1.1269 -0.9324 -0.3290 -0.7427 +0.0982 -0.1023 -0.1598 +0.0000 +0.0000 +0.0000 +0.0000 +0.0000 +0.0000
