Step: 4115
Timestamp: 1779742319.8793151

Joint Positions (q) [35]:
  +0.1191 +0.0539 +0.1387 +0.2041 -0.2625 -0.0197 +0.0611 -0.0683 -0.2943 +0.2309 -0.2142 +0.0223 +0.0205 +0.0047 +0.0057 +0.0314 +0.3290 -0.6895 +1.1035 +0.2360 +0.1741 -0.0802 +0.0394 -0.3006 +0.7241 +1.1543 -0.2206 +0.1751 +0.0356 +0.0000 +0.0000 +0.0000 +0.0000 +0.0000 +0.0000

Joint Velocities (dq) [35]:
  +0.1710 +0.0017 -0.0080 -0.0303 -0.0531 -0.0221 +0.0913 -0.0185 -0.0063 +0.1405 -0.0337 -0.0131 +0.0812 +0.0528 -0.0856 +0.0162 +0.0450 -0.1398 +0.0125 -0.3175 -0.0435 +0.0588 +0.2344 -0.0265 +0.2090 -0.1263 +0.2468 +0.0461 -0.0004 +0.0000 +0.0000 +0.0000 +0.0000 +0.0000 +0.0000

Joint Torques (tau) [35]:
  -3.8906 -1.3257 -1.1355 -0.5152 +15.8642 -0.4902 +3.3547 +4.9077 -0.0485 +8.7651 +23.2652 +0.9865 -0.4912 +1.1006 -1.1277 -1.8285 +1.2802 +0.3802 -0.8650 -0.0284 -0.1028 +0.0747 -1.1639 -1.3033 -0.2729 -0.5815 +0.0394 -0.0589 -0.0259 +0.0000 +0.0000 +0.0000 +0.0000 +0.0000 +0.0000
