Step: 1061
Timestamp: 1779741979.8387966

Joint Positions (q) [35]:
  +0.0661 +0.0819 +0.1915 +0.1715 -0.2215 -0.0351 -0.0497 -0.0678 -0.3251 +0.1991 -0.1170 +0.0286 +0.0060 +0.0198 +0.0077 -0.0023 +0.3119 -0.7317 +1.1022 +0.2758 +0.2184 -0.0160 +0.0449 -0.2864 +0.7000 +1.1314 -0.2563 +0.2267 -0.0681 +0.0000 +0.0000 +0.0000 +0.0000 +0.0000 +0.0000

Joint Velocities (dq) [35]:
  +0.0487 +0.0015 -0.0124 +0.0172 -0.0524 +0.0046 +0.0256 -0.0190 -0.0145 +0.0623 +0.0970 +0.0611 -0.0011 +0.0036 +0.0057 -0.0470 -0.0271 -0.1272 -0.0102 +0.1174 +0.0328 -0.0559 -0.0070 -0.0429 +0.1561 -0.0626 +0.0942 +0.0286 +0.0142 +0.0000 +0.0000 +0.0000 +0.0000 +0.0000 +0.0000

Joint Torques (tau) [35]:
  -5.1685 -2.3114 -0.0826 -2.5604 +8.7989 -0.7596 +8.0305 +5.6971 -1.7226 +10.0636 +16.5676 +0.2525 +0.2668 -0.3452 -3.0818 -1.1242 +1.0022 +0.3359 -0.7874 -0.1005 -0.1153 +0.0922 -1.1993 -0.9608 -0.3062 -0.8161 +0.0592 -0.1239 -0.0982 +0.0000 +0.0000 +0.0000 +0.0000 +0.0000 +0.0000
