Step: 1075
Timestamp: 1779741981.4533284

Joint Positions (q) [35]:
  +0.0632 +0.0830 +0.1955 +0.1847 -0.2308 -0.0308 -0.0534 -0.0703 -0.3295 +0.2100 -0.1123 +0.0353 +0.0063 +0.0098 +0.0049 -0.0031 +0.3218 -0.7276 +1.0979 +0.2775 +0.2115 -0.0375 +0.0298 -0.2778 +0.7129 +1.1529 -0.2618 +0.2216 -0.0502 +0.0000 +0.0000 +0.0000 +0.0000 +0.0000 +0.0000

Joint Velocities (dq) [35]:
  +0.0084 +0.0045 +0.0505 +0.0076 -0.0469 -0.0123 -0.0614 -0.0008 +0.0850 +0.0637 +0.1614 +0.0120 -0.0051 +0.0091 -0.0361 +0.0487 +0.0008 +0.2320 +0.0336 +0.0494 -0.0244 -0.0440 +0.0495 +0.0121 -0.1754 -0.0273 -0.1334 +0.0108 +0.0136 +0.0000 +0.0000 +0.0000 +0.0000 +0.0000 +0.0000

Joint Torques (tau) [35]:
  -7.3930 -0.6098 -0.5309 -4.3840 +8.8555 -0.5118 +9.9593 +6.3591 -1.0579 +12.0601 +17.6228 +0.2000 -0.2166 -0.0431 -2.6755 -1.7278 +0.3966 +0.6631 -1.1926 -0.4033 -0.2567 +0.2364 -1.0260 -0.7557 -0.4117 -0.8053 +0.2339 -0.1495 -0.1182 +0.0000 +0.0000 +0.0000 +0.0000 +0.0000 +0.0000
