Step: 5795
Timestamp: 1779742506.8853707

Joint Positions (q) [35]:
  -0.0002 +0.0318 +0.1546 +0.2324 -0.2186 +0.0061 +0.0293 -0.0621 -0.3616 +0.1989 -0.1897 +0.0297 +0.0163 +0.0074 +0.0072 -0.0036 +0.3227 -0.7486 +1.0980 +0.2521 +0.2120 -0.0914 +0.0336 -0.3009 +0.7234 +1.1342 -0.2079 +0.2266 -0.0296 +0.0000 +0.0000 +0.0000 +0.0000 +0.0000 +0.0000

Joint Velocities (dq) [35]:
  +0.1104 +0.0032 +0.0866 -0.1432 -0.0213 -0.0189 -0.0385 -0.0070 +0.0804 +0.0733 +0.0697 +0.0244 +0.1122 -0.0620 -0.1270 +0.0232 +0.1242 -0.0879 -0.0270 -0.3615 -0.0014 -0.0372 -0.0311 -0.0300 +0.2094 +0.0946 +0.2699 -0.0527 -0.0003 +0.0000 +0.0000 +0.0000 +0.0000 +0.0000 +0.0000

Joint Torques (tau) [35]:
  +2.2983 +10.0215 -3.7819 -1.0041 +11.6627 +0.0502 -0.1804 -3.7213 +0.7207 +5.3175 +15.5242 -0.1000 -0.1749 +0.0695 -3.5867 -1.9940 +1.0736 +0.5225 -1.0709 -0.1073 -0.1767 +0.2109 -1.4673 -1.4071 -0.4113 -0.7292 +0.0675 -0.0793 -0.1612 +0.0000 +0.0000 +0.0000 +0.0000 +0.0000 +0.0000
