Step: 1507
Timestamp: 1779742029.4563737

Joint Positions (q) [35]:
  +0.0742 +0.0529 +0.1730 +0.1975 -0.2736 -0.0078 -0.0285 -0.0995 -0.3151 +0.2558 -0.1753 +0.0746 +0.0026 -0.0010 +0.0051 +0.0130 +0.3176 -0.7231 +1.0961 +0.3060 +0.1965 -0.0243 +0.0194 -0.2703 +0.7040 +1.1708 -0.2763 +0.2151 -0.0186 +0.0000 +0.0000 +0.0000 +0.0000 +0.0000 +0.0000

Joint Velocities (dq) [35]:
  +0.0039 +0.0182 +0.0276 -0.0795 +0.1513 -0.0031 -0.0172 +0.0361 +0.0153 -0.0853 +0.2055 +0.0137 +0.0618 -0.0891 -0.0168 +0.0782 +0.1448 +0.3829 -0.2364 +0.1647 -0.0391 -0.1441 +0.1008 +0.0840 -0.1798 -0.0221 -0.1582 +0.0314 +0.0131 +0.0000 +0.0000 +0.0000 +0.0000 +0.0000 +0.0000

Joint Torques (tau) [35]:
  +0.9632 +1.5867 -0.7136 +6.0724 +25.7555 -1.0899 +2.2123 +6.2184 -1.1988 +7.5620 +17.6741 -0.3768 -0.7897 +0.2021 -3.4559 -1.6910 +0.6252 +0.3852 -1.0788 -0.0711 -0.1616 +0.1671 -0.4273 -1.1883 -0.2494 -0.4417 +0.0812 +0.0023 -0.0238 +0.0000 +0.0000 +0.0000 +0.0000 +0.0000 +0.0000
