Step: 4810
Timestamp: 1779742397.1758249

Joint Positions (q) [35]:
  +0.0677 +0.0604 +0.1086 +0.2286 -0.2639 -0.0268 +0.0252 -0.0673 -0.3480 +0.2380 -0.2162 +0.0184 +0.0232 +0.0177 +0.0022 +0.0085 +0.2998 -0.6919 +1.1314 +0.2735 +0.2017 -0.0670 +0.0587 -0.2864 +0.6999 +1.1482 -0.2471 +0.2101 +0.0179 +0.0000 +0.0000 +0.0000 +0.0000 +0.0000 +0.0000

Joint Velocities (dq) [35]:
  -0.0858 -0.0432 +0.0118 +0.2245 -0.1721 +0.0769 -0.0584 -0.0825 +0.0178 +0.1562 -0.0686 +0.0779 +0.0615 +0.0052 -0.0056 +0.0907 -0.0793 +0.2654 +0.0564 +0.0146 +0.0268 +0.0448 +0.2004 -0.0075 -0.2703 -0.1687 +0.2018 +0.0333 +0.1646 +0.0000 +0.0000 +0.0000 +0.0000 +0.0000 +0.0000

Joint Torques (tau) [35]:
  -2.6991 -3.4020 -0.7029 -0.6801 +11.5857 +0.1035 +3.3823 -3.9210 +2.5771 +3.0522 +18.3383 +1.0325 +0.6303 -0.9318 -1.3598 -1.2069 +1.5013 +0.5239 -0.4347 -0.1566 -0.0355 +0.0849 -1.3262 -1.4546 -0.3791 -0.7176 -0.0479 -0.0718 -0.1256 +0.0000 +0.0000 +0.0000 +0.0000 +0.0000 +0.0000
