Step: 7259
Timestamp: 1779742670.2548127

Joint Positions (q) [35]:
  -0.1178 -0.0225 +0.1651 +0.2618 -0.1258 +0.0399 +0.1278 -0.0738 -0.3654 +0.1912 -0.2818 +0.0318 +0.0363 +0.0068 +0.0028 +0.0111 +0.3296 -0.7428 +1.0525 +0.2683 +0.2131 -0.0546 +0.0408 -0.3129 +0.7264 +1.1163 -0.2379 +0.2135 -0.0947 +0.0000 +0.0000 +0.0000 +0.0000 +0.0000 +0.0000

Joint Velocities (dq) [35]:
  -0.0514 +0.0238 +0.0438 -0.0432 -0.0409 -0.0365 -0.1246 +0.0027 +0.0295 +0.0465 +0.0631 -0.0818 +0.0160 +0.0081 -0.0334 -0.0377 -0.0180 -0.0262 +0.0535 -0.0012 +0.0332 -0.0594 +0.1013 +0.0040 -0.0530 -0.1168 -0.0192 +0.1013 +0.0140 +0.0000 +0.0000 +0.0000 +0.0000 +0.0000 +0.0000

Joint Torques (tau) [35]:
  +9.8084 +7.4137 -2.7604 +2.5568 +8.6518 +0.4923 -10.2830 -4.7682 -0.7261 +0.1991 +15.0871 +1.2087 -0.5104 -0.8532 -2.4507 -1.9819 +1.2410 +0.6159 -1.0316 -0.1931 -0.1566 +0.1755 -1.1727 -0.9090 -0.3292 -0.7944 +0.0681 -0.1195 -0.1401 +0.0000 +0.0000 +0.0000 +0.0000 +0.0000 +0.0000
