Step: 13485
Timestamp: 1779743363.2585301

Joint Positions (q) [35]:
  +0.0817 +0.0513 +0.1284 +0.1933 -0.2326 -0.0165 +0.0093 -0.0682 -0.3031 +0.2467 -0.2045 +0.0150 +0.0298 +0.0103 +0.0092 +0.0179 +0.3356 -0.7682 +1.0791 +0.2399 +0.1630 -0.0893 +0.0386 -0.3038 +0.7528 +1.1458 -0.1775 +0.2073 +0.0194 +0.0000 +0.0000 +0.0000 +0.0000 +0.0000 +0.0000

Joint Velocities (dq) [35]:
  -0.0013 +0.0130 +0.0053 -0.0784 +0.0205 +0.0020 -0.0142 +0.0275 -0.0031 -0.0660 +0.0799 -0.0244 -0.0662 -0.0252 -0.0135 -0.0068 -0.0219 +0.0234 +0.0799 -0.0374 +0.0621 +0.0634 -0.0828 +0.1024 +0.0637 +0.1047 -0.2154 +0.0089 -0.0751 +0.0000 +0.0000 +0.0000 +0.0000 +0.0000 +0.0000

Joint Torques (tau) [35]:
  -1.9247 +0.4493 -0.7084 +0.1470 +12.5594 -0.5755 +2.3393 +1.3989 -0.8545 +3.7587 +17.8785 +0.7872 +0.1688 -1.3613 -2.4626 -1.5710 +1.0840 +0.6136 -0.5928 -0.2315 +0.1999 +0.1377 -1.7611 -1.4054 -0.4030 -0.8285 -0.0399 -0.1356 -0.3143 +0.0000 +0.0000 +0.0000 +0.0000 +0.0000 +0.0000
