Step: 15675
Timestamp: 1779743607.3834085

Joint Positions (q) [35]:
  +0.0635 +0.0432 +0.0628 +0.1989 -0.2456 -0.0078 -0.0683 -0.0624 -0.3199 +0.2414 -0.1443 +0.0011 +0.0199 +0.0224 +0.0123 -0.0002 +0.2879 -0.7166 +1.1696 +0.2033 +0.2146 -0.0583 +0.0161 -0.2737 +0.7161 +1.1862 -0.2553 +0.2125 -0.0482 +0.0000 +0.0000 +0.0000 +0.0000 +0.0000 +0.0000

Joint Velocities (dq) [35]:
  -0.0568 +0.0188 -0.0581 -0.0652 +0.0076 -0.0198 -0.0390 +0.0215 -0.0610 -0.0441 -0.0618 -0.0309 -0.0452 -0.0148 +0.0014 +0.0259 +0.1281 -0.0316 -0.2100 -0.0592 +0.0499 -0.0971 -0.0157 -0.0202 +0.0284 -0.0500 -0.0329 -0.0106 +0.0547 +0.0000 +0.0000 +0.0000 +0.0000 +0.0000 +0.0000

Joint Torques (tau) [35]:
  -11.5938 -0.7923 +1.2651 -6.8103 +7.6988 -0.4838 +13.6343 +1.7861 +0.7266 +7.3125 +16.8095 +0.7573 -0.1153 -0.5739 -2.9372 -1.9201 +1.4968 +0.5067 -1.0824 -0.0777 -0.2484 +0.1919 -1.5145 -0.9954 -0.3980 -0.8817 +0.1019 -0.1237 -0.1327 +0.0000 +0.0000 +0.0000 +0.0000 +0.0000 +0.0000
