Step: 6596
Timestamp: 1779742596.2413406

Joint Positions (q) [35]:
  -0.0293 +0.0126 +0.1819 +0.2264 -0.1737 +0.0164 +0.0881 -0.0691 -0.3791 +0.1902 -0.2243 +0.0393 +0.0006 +0.0283 +0.0078 -0.0364 +0.3058 -0.7578 +1.1434 +0.2399 +0.2035 -0.0459 +0.0057 -0.2967 +0.6915 +1.1685 -0.2704 +0.2127 -0.0872 +0.0000 +0.0000 +0.0000 +0.0000 +0.0000 +0.0000

Joint Velocities (dq) [35]:
  -0.0402 -0.0506 -0.0700 +0.0836 -0.0516 +0.0019 +0.0313 -0.0441 -0.0772 -0.0002 -0.0295 -0.1083 -0.1401 +0.0034 -0.0180 +0.0588 +0.0458 -0.0879 -0.0545 -0.1298 +0.0292 -0.0189 +0.0008 +0.0015 -0.0559 +0.0324 +0.1208 +0.0152 +0.0990 +0.0000 +0.0000 +0.0000 +0.0000 +0.0000 +0.0000

Joint Torques (tau) [35]:
  +5.7607 +11.6111 -6.0142 +0.1129 +9.3155 +0.3135 -3.5699 -6.2626 +0.8297 +5.0798 +17.2270 +0.5174 -0.2972 -0.5559 -3.5111 -1.5028 +1.0492 +0.3879 -0.8187 -0.1415 -0.1560 -0.0059 -0.9719 -0.7772 -0.2704 -0.7279 +0.1109 -0.1329 -0.0880 +0.0000 +0.0000 +0.0000 +0.0000 +0.0000 +0.0000
