Step: 9893
Timestamp: 1779742962.1940784

Joint Positions (q) [35]:
  -0.0741 +0.0055 +0.1815 +0.2736 -0.1905 +0.0377 +0.0779 -0.0650 -0.3443 +0.1738 -0.2164 +0.0252 +0.0233 +0.0062 +0.0047 +0.0015 +0.3055 -0.6689 +1.1068 +0.2695 +0.2182 +0.0675 +0.0319 -0.2860 +0.6850 +1.1511 -0.2702 +0.2094 -0.1653 +0.0000 +0.0000 +0.0000 +0.0000 +0.0000 +0.0000

Joint Velocities (dq) [35]:
  +0.0210 +0.0160 +0.0386 -0.0470 -0.0384 -0.0364 -0.0369 +0.0133 +0.0753 -0.0411 +0.0017 +0.0736 +0.0622 +0.0081 -0.0094 -0.0183 +0.0099 -0.0085 -0.0096 -0.0074 +0.0091 +0.0127 -0.0056 -0.0030 -0.0012 +0.0257 -0.0133 -0.0071 +0.0083 +0.0000 +0.0000 +0.0000 +0.0000 +0.0000 +0.0000

Joint Torques (tau) [35]:
  +5.2176 +10.4143 -4.3088 -0.7716 +11.1050 +0.2856 -3.4638 -2.9640 +0.5313 +4.0663 +13.9167 +0.7695 -0.6137 -0.1343 -3.4208 -2.0531 +0.1580 +0.4896 -1.4644 -0.2802 -0.3967 +0.2446 -1.2548 -0.4001 -0.4058 -1.0700 +0.2096 -0.2762 -0.2933 +0.0000 +0.0000 +0.0000 +0.0000 +0.0000 +0.0000
