Step: 8780
Timestamp: 1779742838.8098242

Joint Positions (q) [35]:
  +0.0796 +0.0268 +0.1382 +0.1965 -0.2293 +0.0098 +0.0151 -0.0747 -0.3626 +0.2145 -0.1569 +0.0133 +0.0273 -0.0091 +0.0099 +0.0096 +0.3342 -0.6915 +1.1305 +0.2060 +0.1714 -0.0734 +0.0482 -0.2966 +0.7201 +1.1484 -0.2020 +0.1791 +0.0240 +0.0000 +0.0000 +0.0000 +0.0000 +0.0000 +0.0000

Joint Velocities (dq) [35]:
  -0.0251 -0.0804 +0.0370 -0.1069 -0.0272 +0.0396 -0.1094 -0.0884 -0.0185 +0.0251 +0.0377 +0.1122 +0.0555 -0.1004 -0.1128 +0.1936 +0.0196 +0.4469 -0.0092 -0.0137 +0.0175 -0.0075 -0.0041 -0.1294 -0.4171 -0.1436 -0.1265 -0.0533 +0.2386 +0.0000 +0.0000 +0.0000 +0.0000 +0.0000 +0.0000

Joint Torques (tau) [35]:
  -6.4215 +4.1776 -2.6036 -4.5624 +7.2774 -0.2941 +5.6971 -2.8776 +2.4891 +3.8175 +10.4070 +0.6471 +0.7608 -0.4672 -1.2249 -1.2238 +1.0954 +0.3217 -0.6299 -0.1191 -0.1227 +0.0690 -2.0409 -2.4088 -0.4804 -0.5828 -0.0445 -0.0641 -0.2567 +0.0000 +0.0000 +0.0000 +0.0000 +0.0000 +0.0000
