Step: 13632
Timestamp: 1779743379.7474756

Joint Positions (q) [35]:
  -0.0385 +0.0552 +0.1769 +0.2393 -0.1792 -0.0168 +0.0587 -0.0848 -0.3726 +0.1986 -0.2214 +0.0435 +0.0187 +0.0141 +0.0041 +0.0015 +0.3009 -0.6855 +1.1240 +0.2667 +0.2070 +0.0422 +0.0433 -0.2854 +0.6869 +1.1438 -0.2649 +0.2235 -0.1372 +0.0000 +0.0000 +0.0000 +0.0000 +0.0000 +0.0000

Joint Velocities (dq) [35]:
  -0.0075 +0.0153 +0.0266 +0.0039 -0.0379 +0.0435 -0.0021 +0.0270 +0.0231 -0.0600 +0.1090 -0.0904 +0.0038 +0.0201 -0.0166 -0.0106 -0.0067 -0.0152 +0.0120 +0.0100 +0.0041 +0.0260 +0.0192 -0.0263 -0.0133 -0.0291 +0.0064 -0.0099 -0.0276 +0.0000 +0.0000 +0.0000 +0.0000 +0.0000 +0.0000

Joint Torques (tau) [35]:
  +0.3459 +0.2905 -1.1982 -1.7199 +7.6818 -0.2505 +0.8194 +1.6835 +0.6064 +6.2319 +19.8309 +1.5163 -0.0948 -0.7479 -2.9417 -2.1991 +0.4975 +0.6051 -1.4311 -0.2884 -0.3499 +0.3146 -1.5941 -0.2668 -0.3517 -1.1909 +0.1557 -0.2852 -0.2682 +0.0000 +0.0000 +0.0000 +0.0000 +0.0000 +0.0000
