Step: 5524
Timestamp: 1779742476.821753

Joint Positions (q) [35]:
  +0.0295 +0.0352 +0.1274 +0.1921 -0.2032 -0.0039 +0.0328 -0.0582 -0.3908 +0.1828 -0.1686 +0.0284 -0.0065 +0.0232 +0.0072 -0.0151 +0.3346 -0.7987 +1.0454 +0.3120 +0.2092 -0.0898 +0.0185 -0.3028 +0.7491 +1.1308 -0.2193 +0.2440 -0.0426 +0.0000 +0.0000 +0.0000 +0.0000 +0.0000 +0.0000

Joint Velocities (dq) [35]:
  +0.0079 +0.0328 +0.0141 -0.0705 -0.0037 -0.0248 -0.0094 +0.0490 +0.0239 -0.0935 +0.2228 +0.0116 -0.0669 +0.0561 -0.0271 +0.0220 -0.0039 -0.0587 -0.0140 +0.0178 -0.0543 -0.0009 +0.0094 -0.0353 -0.0916 -0.0626 -0.1025 +0.0182 +0.0413 +0.0000 +0.0000 +0.0000 +0.0000 +0.0000 +0.0000

Joint Torques (tau) [35]:
  -1.5159 +8.3773 -2.9633 -1.6823 +10.5127 +0.2012 +4.0929 -4.8902 +1.1637 +8.3459 +18.2837 +0.0142 +0.1617 +0.5727 -3.1322 -1.3519 +1.6511 +0.4442 -0.6300 -0.0588 -0.0014 +0.0569 -1.4050 -0.8212 -0.4217 -0.9594 +0.1083 -0.1681 -0.2376 +0.0000 +0.0000 +0.0000 +0.0000 +0.0000 +0.0000
