Step: 1721
Timestamp: 1779742053.3913996

Joint Positions (q) [35]:
  +0.0798 +0.0733 +0.1825 +0.1775 -0.2272 -0.0266 +0.0102 -0.0656 -0.3473 +0.1990 -0.1462 +0.0413 +0.0269 +0.0082 +0.0067 +0.0104 +0.3074 -0.7282 +1.1151 +0.2872 +0.1895 -0.0826 +0.0222 -0.2950 +0.7382 +1.1603 -0.2301 +0.1959 -0.0177 +0.0000 +0.0000 +0.0000 +0.0000 +0.0000 +0.0000

Joint Velocities (dq) [35]:
  +0.0188 +0.0164 -0.0426 -0.0329 -0.0096 -0.0174 -0.0053 +0.0062 -0.0341 +0.0331 +0.1481 -0.0025 -0.0719 -0.0052 -0.0244 -0.0086 +0.0154 -0.1961 -0.0390 -0.0230 +0.0595 +0.0840 +0.0187 +0.0007 +0.1642 -0.1706 -0.1341 +0.1218 -0.0961 +0.0000 +0.0000 +0.0000 +0.0000 +0.0000 +0.0000

Joint Torques (tau) [35]:
  -3.5332 +0.7330 -1.7504 -0.9729 +12.1186 -0.5459 +4.8549 +2.9629 -0.7144 +9.8863 +18.3190 +0.0196 +0.1319 +0.8469 -2.1600 -1.2859 +1.1620 +0.3879 -0.7760 -0.1270 -0.0629 +0.1687 -1.0357 -0.9710 -0.2714 -0.7215 +0.1246 -0.0788 -0.0784 +0.0000 +0.0000 +0.0000 +0.0000 +0.0000 +0.0000
