Step: 335
Timestamp: 1779741898.9312744

Joint Positions (q) [35]:
  -0.0494 +0.0259 +0.1006 +0.2278 -0.1686 +0.0001 +0.0953 -0.0938 -0.3838 +0.1748 -0.1826 +0.0617 +0.0445 -0.0053 +0.0083 +0.0117 +0.3332 -0.7156 +1.0795 +0.2559 +0.1846 -0.0792 -0.0336 -0.3173 +0.7104 +1.1640 -0.2207 +0.1889 -0.1227 +0.0000 +0.0000 +0.0000 +0.0000 +0.0000 +0.0000

Joint Velocities (dq) [35]:
  +0.0208 +0.0097 -0.0796 +0.0696 -0.0966 -0.0077 +0.0903 +0.0465 +0.1557 -0.0879 +0.2072 -0.0560 +0.0163 +0.1846 -0.0293 +0.0863 -0.1276 -0.1306 -0.0698 +0.0535 +0.1252 -0.0331 +0.1532 -0.0215 +0.0432 -0.0725 -0.2107 +0.0734 -0.1120 +0.0000 +0.0000 +0.0000 +0.0000 +0.0000 +0.0000

Joint Torques (tau) [35]:
  +2.8395 +1.5815 -0.8905 -0.2387 +10.2704 -0.3336 +0.2957 +5.1212 -0.6615 +8.6010 +16.4797 +1.1262 -1.3085 +0.9505 -3.6648 -1.9594 +1.3298 +0.4845 -0.9537 -0.1638 -0.1148 +0.0880 -0.3259 -1.1162 -0.2215 -0.4326 +0.1502 -0.0232 -0.1002 +0.0000 +0.0000 +0.0000 +0.0000 +0.0000 +0.0000
