Step: 6312
Timestamp: 1779742564.6164236

Joint Positions (q) [35]:
  -0.0311 +0.0145 +0.1941 +0.2304 -0.1889 +0.0231 +0.0522 -0.0743 -0.3507 +0.2013 -0.2134 +0.0458 +0.0168 +0.0009 +0.0123 -0.0116 +0.3115 -0.7176 +1.1090 +0.2979 +0.2075 -0.0443 +0.0178 -0.2818 +0.7065 +1.1487 -0.2724 +0.2404 -0.0370 +0.0000 +0.0000 +0.0000 +0.0000 +0.0000 +0.0000

Joint Velocities (dq) [35]:
  -0.1260 +0.0734 +0.0497 +0.0654 +0.0112 -0.0152 -0.0870 +0.0774 -0.0012 -0.1033 +0.2227 -0.1641 +0.0196 +0.1136 +0.0246 -0.1453 -0.1536 -0.0495 +0.2141 +0.1350 +0.0143 +0.0372 -0.0903 -0.0411 +0.0306 +0.0365 -0.0142 +0.1053 +0.1258 +0.0000 +0.0000 +0.0000 +0.0000 +0.0000 +0.0000

Joint Torques (tau) [35]:
  +3.0731 +5.1344 -2.9350 -0.1531 +8.0763 +0.1879 -1.0263 -5.4466 +1.1024 +3.8589 +15.9733 +1.1092 -0.8324 -0.4990 -4.1004 -2.3026 +0.8396 +0.4372 -1.1786 -0.1931 -0.2707 +0.0724 -1.4565 -0.7443 -0.3802 -0.9616 +0.1109 -0.1749 -0.2052 +0.0000 +0.0000 +0.0000 +0.0000 +0.0000 +0.0000
