Step: 41
Timestamp: 1779741866.1572642

Joint Positions (q) [35]:
  +0.0201 +0.0336 +0.0662 +0.1686 -0.1866 -0.0130 +0.0682 -0.1158 -0.3447 +0.1531 -0.1328 +0.0857 +0.0228 +0.0004 +0.0063 -0.0264 +0.2504 -0.5274 +1.1551 -0.2820 -0.0343 +0.0954 -0.0424 -0.2642 +0.6221 +1.1616 +0.1624 -0.0511 -0.2512 +0.0000 +0.0000 +0.0000 +0.0000 +0.0000 +0.0000

Joint Velocities (dq) [35]:
  -0.1490 -0.0304 -0.1374 -0.0283 +0.0238 -0.0103 -0.1026 -0.0254 -0.1268 -0.0078 -0.0582 -0.0207 -0.1352 +0.0911 +0.0309 -0.0099 +0.0818 -0.2034 -0.1963 +0.0470 +0.0023 +0.0119 -0.0509 -0.0663 -0.0100 -0.0615 -0.0713 -0.0570 +0.0497 +0.0000 +0.0000 +0.0000 +0.0000 +0.0000 +0.0000

Joint Torques (tau) [35]:
  -1.8995 -5.1410 +1.5937 +0.0501 +12.9777 -1.3302 +4.9224 +14.9607 -1.5514 +11.4077 +15.3751 +0.9752 -0.7673 +0.9064 -2.3484 -0.6817 +2.3446 -0.4510 -0.2836 +0.8933 -0.4288 +0.2058 +0.1267 -1.9965 +0.1203 +0.1664 -0.3216 +0.0843 -0.2055 +0.0000 +0.0000 +0.0000 +0.0000 +0.0000 +0.0000
