Step: 4921
Timestamp: 1779742409.442274

Joint Positions (q) [35]:
  +0.0687 +0.0536 +0.1581 +0.1750 -0.2257 -0.0016 -0.0561 -0.0681 -0.3637 +0.1936 -0.0669 +0.0291 +0.0060 +0.0026 +0.0122 -0.0371 +0.3119 -0.7457 +1.1124 +0.2327 +0.1788 -0.0449 +0.0077 -0.2901 +0.7477 +1.1701 -0.1825 +0.2130 -0.0205 +0.0000 +0.0000 +0.0000 +0.0000 +0.0000 +0.0000

Joint Velocities (dq) [35]:
  +0.0181 +0.0588 +0.0671 -0.0283 -0.0282 -0.0092 -0.0079 +0.0753 +0.0255 -0.0836 +0.1032 -0.0173 +0.1082 +0.0072 -0.0077 +0.0554 -0.0849 -0.0861 -0.0277 -0.1618 -0.0426 -0.0064 -0.0357 +0.0370 +0.1351 +0.0924 +0.0342 +0.0369 -0.0141 +0.0000 +0.0000 +0.0000 +0.0000 +0.0000 +0.0000

Joint Torques (tau) [35]:
  -7.0923 +5.7707 -2.2254 -5.5636 +8.3290 -0.5267 +10.1283 +1.4484 +0.2005 +11.3897 +15.6501 -0.3223 +0.1411 +1.7532 -3.2423 -1.3760 +2.1315 +0.4185 -0.3487 +0.0843 +0.0832 +0.1700 -1.3697 -1.4360 -0.4621 -0.6993 +0.1203 -0.0996 -0.1508 +0.0000 +0.0000 +0.0000 +0.0000 +0.0000 +0.0000
