Step: 9680
Timestamp: 1779742938.5812304

Joint Positions (q) [35]:
  -0.0766 +0.0191 +0.1533 +0.2509 -0.1662 +0.0164 +0.0205 -0.0561 -0.3336 +0.2034 -0.2027 -0.0028 +0.0119 +0.0590 +0.0058 -0.0217 +0.2900 -0.7062 +1.1496 +0.2374 +0.1885 -0.0123 +0.0134 -0.2922 +0.6853 +1.1898 -0.2768 +0.2085 -0.0786 +0.0000 +0.0000 +0.0000 +0.0000 +0.0000 +0.0000

Joint Velocities (dq) [35]:
  +0.1523 -0.0470 -0.1217 -0.1340 +0.0311 -0.0410 +0.1811 -0.0067 -0.1193 -0.1072 +0.0928 -0.0304 -0.0687 +0.0097 -0.0067 -0.0362 +0.0027 -0.1630 +0.0863 -0.1368 -0.0085 -0.0332 +0.1078 +0.0238 +0.0759 +0.1344 +0.3344 -0.1370 +0.1284 +0.0000 +0.0000 +0.0000 +0.0000 +0.0000 +0.0000

Joint Torques (tau) [35]:
  +4.9668 +7.5515 -3.8531 +1.1051 +6.8272 -0.1181 -3.0882 -9.3710 +1.8771 -1.1368 +8.5272 +0.5556 -0.1093 -1.8013 -3.2680 -1.8546 +1.3494 +0.5230 -0.8020 -0.1667 -0.1393 +0.0518 -0.9885 -1.1605 -0.2074 -0.3914 +0.0389 -0.0101 -0.0928 +0.0000 +0.0000 +0.0000 +0.0000 +0.0000 +0.0000
