Step: 3278
Timestamp: 1779742226.476786

Joint Positions (q) [35]:
  +0.0077 +0.0273 +0.1749 +0.1800 -0.1847 +0.0049 +0.0462 -0.0800 -0.3445 +0.1935 -0.1872 +0.0486 +0.0145 +0.0024 +0.0064 +0.0145 +0.3133 -0.7090 +1.0953 +0.2851 +0.2053 -0.0011 +0.0157 -0.2802 +0.6956 +1.1597 -0.2964 +0.2169 -0.0397 +0.0000 +0.0000 +0.0000 +0.0000 +0.0000 +0.0000

Joint Velocities (dq) [35]:
  -0.1011 +0.0170 -0.0338 +0.0466 -0.0357 -0.0336 -0.1020 -0.0035 -0.0941 +0.0539 +0.1048 -0.0582 -0.0806 +0.0127 +0.0093 -0.0158 +0.0402 -0.0897 -0.0538 -0.0201 +0.0237 -0.0731 -0.0276 -0.0186 +0.0465 -0.0429 +0.0296 +0.0096 -0.0437 +0.0000 +0.0000 +0.0000 +0.0000 +0.0000 +0.0000

Joint Torques (tau) [35]:
  +1.7140 +7.2854 -3.1137 +0.4678 +11.2649 -0.0400 +1.3101 -0.0847 -0.3237 +8.0378 +16.9770 +0.2800 -0.3432 +0.2431 -3.7348 -1.8697 +0.8806 +0.4918 -1.1903 -0.1505 -0.2435 +0.1094 -1.0998 -0.8713 -0.2639 -0.7148 +0.0668 -0.1046 -0.1349 +0.0000 +0.0000 +0.0000 +0.0000 +0.0000 +0.0000
