Step: 4972
Timestamp: 1779742415.121356

Joint Positions (q) [35]:
  +0.0713 +0.0463 +0.1515 +0.1835 -0.2505 +0.0106 -0.0521 -0.0765 -0.3514 +0.2315 -0.1004 +0.0400 -0.0053 -0.0004 +0.0100 -0.0014 +0.3203 -0.7283 +1.1040 +0.2814 +0.2092 +0.0076 +0.0148 -0.2697 +0.7049 +1.1740 -0.2582 +0.2189 -0.0021 +0.0000 +0.0000 +0.0000 +0.0000 +0.0000 +0.0000

Joint Velocities (dq) [35]:
  +0.0222 +0.0249 -0.0462 -0.0357 -0.0163 -0.0172 +0.0418 +0.0320 -0.0414 -0.0686 +0.0021 -0.0120 -0.0102 +0.0370 +0.0220 -0.0787 +0.0052 -0.0551 +0.0154 +0.0072 +0.0075 -0.1175 -0.0332 -0.0152 +0.0298 +0.0477 +0.1629 +0.0435 -0.0230 +0.0000 +0.0000 +0.0000 +0.0000 +0.0000 +0.0000

Joint Torques (tau) [35]:
  -5.8339 +7.4975 -1.3240 -1.8590 +16.8753 -0.6861 +9.0325 +0.7320 +0.0757 +10.0396 +15.3941 -0.6533 -0.0244 +1.4618 -3.4137 -1.7204 +0.6976 +0.4830 -1.1339 -0.1808 -0.2239 +0.1258 -1.2255 -1.2537 -0.3495 -0.6674 +0.0773 -0.0657 -0.1682 +0.0000 +0.0000 +0.0000 +0.0000 +0.0000 +0.0000
