Step: 4256
Timestamp: 1779742335.56387

Joint Positions (q) [35]:
  +0.0816 +0.0269 +0.1527 +0.2140 -0.2958 +0.0036 +0.0139 -0.0945 -0.2947 +0.2283 -0.1960 +0.0475 +0.0029 -0.0095 +0.0069 +0.0180 +0.3021 -0.6922 +1.1164 +0.3195 +0.2114 -0.0006 +0.0277 -0.2758 +0.6556 +1.1710 -0.2752 +0.1808 -0.0854 +0.0000 +0.0000 +0.0000 +0.0000 +0.0000 +0.0000

Joint Velocities (dq) [35]:
  +0.0042 -0.0150 +0.1098 -0.0541 +0.1429 +0.0934 -0.0114 -0.0006 -0.0199 -0.1217 +0.1631 +0.0478 -0.0459 +0.0585 +0.0724 -0.0467 +0.0093 -0.1322 -0.0315 -0.0490 -0.0076 +0.0258 -0.0073 -0.0010 +0.0265 -0.0053 +0.0408 +0.0326 -0.0408 +0.0000 +0.0000 +0.0000 +0.0000 +0.0000 +0.0000

Joint Torques (tau) [35]:
  +1.3636 +9.2103 -0.8375 +8.9813 +34.9084 -0.6997 +1.4739 +1.1513 -0.8476 +7.1192 +17.5197 +0.0583 -0.3856 +1.5005 -3.1012 -1.4562 +0.5775 +0.4143 -1.1068 -0.1915 -0.1928 +0.0677 -0.5381 -1.2145 -0.2817 -0.5397 +0.1299 -0.0634 -0.1022 +0.0000 +0.0000 +0.0000 +0.0000 +0.0000 +0.0000
