Step: 6186
Timestamp: 1779742550.4006748

Joint Positions (q) [35]:
  -0.0193 +0.0271 +0.1747 +0.2330 -0.1991 +0.0056 +0.0482 -0.0606 -0.3438 +0.2060 -0.2170 +0.0302 +0.0222 +0.0092 +0.0056 +0.0074 +0.3201 -0.7357 +1.0872 +0.2681 +0.2047 -0.0679 +0.0313 -0.2924 +0.7214 +1.1420 -0.2597 +0.2130 -0.0551 +0.0000 +0.0000 +0.0000 +0.0000 +0.0000 +0.0000

Joint Velocities (dq) [35]:
  -0.0257 +0.0651 +0.0812 +0.0502 -0.0867 -0.0282 -0.0389 +0.0574 +0.0249 -0.0563 +0.2136 -0.0327 +0.0841 +0.0350 -0.0101 +0.0160 -0.0093 +0.1287 -0.0435 +0.0612 +0.0231 +0.0291 -0.0240 +0.0573 +0.0193 +0.1208 +0.0156 +0.0818 -0.0979 +0.0000 +0.0000 +0.0000 +0.0000 +0.0000 +0.0000

Joint Torques (tau) [35]:
  +2.1580 +7.3477 -2.8324 -0.1406 +10.8917 +0.3841 -0.2377 -4.7543 +0.3896 +4.9342 +16.7104 +0.5563 -0.0236 -0.7010 -3.2831 -1.8019 +0.4381 +0.5793 -1.2456 -0.2917 -0.2801 +0.2182 -1.3630 -0.4095 -0.3209 -0.9696 +0.1246 -0.1877 -0.1871 +0.0000 +0.0000 +0.0000 +0.0000 +0.0000 +0.0000
