Step: 7397
Timestamp: 1779742685.3703978

Joint Positions (q) [35]:
  -0.1261 -0.0232 +0.1669 +0.2502 -0.1052 +0.0401 +0.1263 -0.0712 -0.3732 +0.1931 -0.2868 -0.0009 +0.0608 +0.0013 +0.0102 -0.0162 +0.3223 -0.6932 +1.1153 +0.2657 +0.1947 -0.0820 +0.0008 -0.2988 +0.7012 +1.1897 -0.2562 +0.2007 -0.0533 +0.0000 +0.0000 +0.0000 +0.0000 +0.0000 +0.0000

Joint Velocities (dq) [35]:
  -0.0400 +0.0816 -0.0337 +0.1662 -0.2608 -0.0995 +0.1309 +0.1190 -0.0277 -0.2529 +0.1579 -0.0785 +0.0405 -0.0594 -0.0517 +0.1532 +0.2572 +0.0494 -0.2144 +0.0745 -0.0686 -0.1855 +0.2058 -0.0964 +0.1138 -0.1383 -0.0411 -0.0980 +0.0943 +0.0000 +0.0000 +0.0000 +0.0000 +0.0000 +0.0000

Joint Torques (tau) [35]:
  +18.6483 +5.8860 -4.9388 +9.5577 +11.6375 +0.2846 -18.3263 -7.6894 +0.2735 -4.5267 +15.3462 +1.6678 -1.1475 -0.1080 -3.5572 -1.8952 +1.8532 +0.3542 -0.6922 +0.0391 -0.0606 +0.1309 -0.5463 -1.6357 -0.1775 -0.2178 -0.0154 +0.1342 -0.1036 +0.0000 +0.0000 +0.0000 +0.0000 +0.0000 +0.0000
