Step: 3344
Timestamp: 1779742233.9309578

Joint Positions (q) [35]:
  -0.0192 +0.0460 +0.2137 +0.2111 -0.1732 -0.0065 +0.0101 -0.0698 -0.3327 +0.2178 -0.2017 +0.0109 -0.0205 +0.0627 +0.0032 -0.0297 +0.2854 -0.6686 +1.1489 +0.3119 +0.1794 -0.0063 +0.0386 -0.3065 +0.5834 +1.1652 -0.2882 +0.1772 -0.0532 +0.0000 +0.0000 +0.0000 +0.0000 +0.0000 +0.0000

Joint Velocities (dq) [35]:
  +0.0846 +0.0121 +0.0636 -0.0170 -0.1640 -0.0080 +0.1201 +0.0400 +0.0637 -0.1930 +0.1259 +0.0813 -0.0662 -0.0374 -0.0658 +0.0983 -0.0505 +0.0370 -0.0345 +0.2858 +0.0247 +0.0242 +0.0359 +0.0654 -0.1363 -0.0832 -0.4519 -0.0097 -0.0064 +0.0000 +0.0000 +0.0000 +0.0000 +0.0000 +0.0000

Joint Torques (tau) [35]:
  +3.1144 +6.1055 -2.8566 +1.4943 +11.0659 -0.1003 -2.7189 -6.9550 +1.0752 -0.5918 +11.2539 +0.2964 +0.6782 -1.6167 -2.3369 -1.1716 +1.3270 +0.3753 -0.6236 -0.1458 -0.0869 +0.0987 -1.5849 -0.7806 -0.2931 -0.9827 +0.1255 -0.2230 -0.1327 +0.0000 +0.0000 +0.0000 +0.0000 +0.0000 +0.0000
