Step: 2476
Timestamp: 1779742137.2874584

Joint Positions (q) [35]:
  -0.0158 +0.0186 +0.1977 +0.2554 -0.2548 +0.0150 -0.0804 -0.1446 -0.3454 +0.3714 -0.2412 +0.0651 +0.0065 +0.0370 +0.0076 +0.0085 +0.3216 -0.6920 +1.1184 +0.2321 +0.1693 -0.0459 +0.0038 -0.3173 +0.6485 +1.1660 -0.2438 +0.1963 -0.0131 +0.0000 +0.0000 +0.0000 +0.0000 +0.0000 +0.0000

Joint Velocities (dq) [35]:
  +0.0096 +0.0628 -0.0172 -0.0254 +0.0338 -0.0329 +0.0300 +0.0861 +0.0324 -0.1226 +0.3009 -0.0219 +0.0529 +0.2045 -0.0115 +0.1668 +0.0740 -0.1831 -0.1138 -0.0407 -0.0589 -0.2382 -0.1792 -0.0760 +0.0357 +0.2597 +0.0980 -0.0141 +0.0708 +0.0000 +0.0000 +0.0000 +0.0000 +0.0000 +0.0000

Joint Torques (tau) [35]:
  +6.2463 +7.7969 -4.3462 +1.8932 +18.1673 -0.0391 -3.3706 +0.6583 +0.3740 +2.2414 +18.0805 -0.5971 -1.1329 -0.9736 -3.9231 -1.7640 +2.1088 +0.3981 -0.6630 +0.0785 -0.0480 +0.1912 -0.7455 -1.2721 -0.2522 -0.4480 +0.0020 +0.0274 -0.1399 +0.0000 +0.0000 +0.0000 +0.0000 +0.0000 +0.0000
