Step: 4254
Timestamp: 1779742335.3366256

Joint Positions (q) [35]:
  +0.0816 +0.0270 +0.1516 +0.2144 -0.2964 +0.0026 +0.0140 -0.0945 -0.2944 +0.2294 -0.1968 +0.0470 +0.0034 -0.0101 +0.0062 +0.0184 +0.3020 -0.6908 +1.1167 +0.3201 +0.2115 -0.0009 +0.0278 -0.2758 +0.6553 +1.1710 -0.2756 +0.1805 -0.0850 +0.0000 +0.0000 +0.0000 +0.0000 +0.0000 +0.0000

Joint Velocities (dq) [35]:
  +0.0070 -0.0093 +0.1061 -0.0534 +0.1436 +0.0871 +0.0017 +0.0049 -0.0405 -0.1401 +0.1776 +0.0391 -0.0470 +0.0657 +0.0583 -0.0433 +0.0083 -0.1493 -0.0316 -0.0557 -0.0098 +0.0288 -0.0004 -0.0044 +0.0301 -0.0065 +0.0424 +0.0326 -0.0443 +0.0000 +0.0000 +0.0000 +0.0000 +0.0000 +0.0000

Joint Torques (tau) [35]:
  +1.3583 +9.1622 -0.7701 +8.8861 +34.9235 -0.6508 +1.3413 +1.1148 -0.8038 +7.1504 +17.5136 +0.0881 -0.3910 +1.5050 -3.0652 -1.4645 +0.5807 +0.4055 -1.1137 -0.1988 -0.1893 +0.0744 -0.5450 -1.2127 -0.2743 -0.5410 +0.1380 -0.0529 -0.1066 +0.0000 +0.0000 +0.0000 +0.0000 +0.0000 +0.0000
