Step: 7010
Timestamp: 1779742642.581836

Joint Positions (q) [35]:
  -0.0782 -0.0255 +0.1493 +0.2463 -0.1205 +0.0440 +0.1551 -0.0768 -0.4001 +0.1685 -0.2557 +0.0284 +0.0555 +0.0086 +0.0044 +0.0128 +0.3112 -0.7179 +1.0749 +0.2916 +0.2105 -0.0629 +0.0199 -0.3076 +0.7212 +1.1446 -0.2603 +0.2112 -0.0955 +0.0000 +0.0000 +0.0000 +0.0000 +0.0000 +0.0000

Joint Velocities (dq) [35]:
  -0.0430 +0.0453 +0.0465 +0.1161 -0.1611 +0.0017 -0.0016 +0.0282 +0.0438 -0.0551 +0.1269 +0.0591 +0.0481 +0.0809 -0.0121 +0.0470 +0.0094 +0.0277 -0.1585 -0.0115 +0.1016 +0.0912 +0.0259 -0.0317 +0.0135 -0.0196 +0.0308 +0.0511 +0.0328 +0.0000 +0.0000 +0.0000 +0.0000 +0.0000 +0.0000

Joint Torques (tau) [35]:
  +7.4905 +5.5851 -3.1933 +1.7996 +7.7507 -0.5081 -11.5357 -4.9339 +0.3850 -4.2185 +7.8880 +0.9238 -1.0241 +0.0898 -0.9785 -2.3955 +1.5193 +0.6344 -1.1866 -0.0121 -0.1206 +0.1413 -1.3981 -0.9210 -0.3913 -0.7384 +0.0569 -0.1077 -0.1785 +0.0000 +0.0000 +0.0000 +0.0000 +0.0000 +0.0000
