Step: 6958
Timestamp: 1779742636.767341

Joint Positions (q) [35]:
  -0.1087 +0.0026 +0.1823 +0.2859 -0.1641 +0.0349 +0.1076 -0.0672 -0.3588 +0.1810 -0.2513 +0.0403 +0.0343 +0.0084 +0.0046 +0.0121 +0.3081 -0.6773 +1.0847 +0.2917 +0.2148 -0.0101 +0.0342 -0.2845 +0.6847 +1.1550 -0.2766 +0.2190 -0.1325 +0.0000 +0.0000 +0.0000 +0.0000 +0.0000 +0.0000

Joint Velocities (dq) [35]:
  -0.0389 +0.0618 +0.0195 +0.0173 -0.0698 -0.0492 -0.0494 +0.0523 +0.0331 -0.0255 +0.1392 +0.0138 -0.0312 +0.0792 -0.0181 -0.0328 -0.0766 -0.0141 +0.1537 -0.1112 +0.0225 +0.1541 +0.0518 -0.0660 -0.0026 -0.1073 +0.0266 +0.0039 -0.1147 +0.0000 +0.0000 +0.0000 +0.0000 +0.0000 +0.0000

Joint Torques (tau) [35]:
  +8.2232 +7.3068 -3.8835 +1.0631 +10.5889 +0.3730 -7.1893 -2.2341 -0.0802 +2.4594 +14.7752 +0.9712 -0.3788 -0.7445 -3.4446 -2.2725 +0.4535 +0.6220 -1.5158 -0.2878 -0.3757 +0.3286 -1.3973 -0.2378 -0.3422 -1.1165 +0.1834 -0.2762 -0.2683 +0.0000 +0.0000 +0.0000 +0.0000 +0.0000 +0.0000
