Step: 11500
Timestamp: 1779743141.7690535

Joint Positions (q) [35]:
  +0.1140 +0.0642 +0.2251 +0.1678 -0.2649 -0.0236 -0.0789 -0.0380 -0.3207 +0.2303 -0.1302 -0.0147 -0.0038 +0.0311 +0.0065 -0.0101 +0.2878 -0.7165 +1.1273 +0.3077 +0.2408 -0.0244 +0.0545 -0.2821 +0.7098 +1.1270 -0.2600 +0.2314 -0.0469 +0.0000 +0.0000 +0.0000 +0.0000 +0.0000 +0.0000

Joint Velocities (dq) [35]:
  -0.0363 +0.0045 +0.0037 +0.0775 +0.0153 -0.0397 -0.0160 -0.0088 +0.0127 +0.0156 +0.0796 +0.0095 -0.0363 -0.0133 -0.0637 +0.0131 +0.0097 +0.0276 +0.0203 +0.0851 -0.1128 -0.0413 +0.0003 +0.0110 -0.0186 +0.0308 -0.0509 -0.0383 +0.0884 +0.0000 +0.0000 +0.0000 +0.0000 +0.0000 +0.0000

Joint Torques (tau) [35]:
  -9.7165 +5.7067 -3.1473 -3.1181 +12.6892 +0.0355 +8.3168 -1.2983 +0.5494 +9.1612 +21.1121 -0.1234 +0.8111 +0.4400 -1.6870 -1.2965 +1.1915 +0.6863 -0.4550 -0.0973 -0.0591 +0.0741 -1.5397 -0.8904 -0.3728 -0.8433 -0.0975 -0.1329 +0.0813 +0.0000 +0.0000 +0.0000 +0.0000 +0.0000 +0.0000
