Step: 15807
Timestamp: 1779743622.1160557

Joint Positions (q) [35]:
  +0.0118 +0.0452 +0.0639 +0.2248 -0.2409 -0.0162 -0.1197 -0.0649 -0.3175 +0.2656 -0.1413 -0.0110 -0.0091 +0.1037 +0.0131 -0.0113 +0.2876 -0.7029 +1.1607 +0.1763 +0.1866 -0.0804 -0.0119 -0.3038 +0.6615 +1.2189 -0.2525 +0.2039 -0.0286 +0.0000 +0.0000 +0.0000 +0.0000 +0.0000 +0.0000

Joint Velocities (dq) [35]:
  +0.1849 -0.0387 -0.0091 -0.2626 +0.0699 +0.0658 +0.0810 -0.0201 -0.0092 -0.0208 -0.0811 -0.0468 -0.0235 -0.0868 +0.0145 +0.1012 +0.1510 +0.1200 -0.1690 +0.0437 -0.0857 -0.1607 +0.1276 +0.0630 +0.0096 +0.0411 +0.3005 -0.0652 -0.0021 +0.0000 +0.0000 +0.0000 +0.0000 +0.0000 +0.0000

Joint Torques (tau) [35]:
  -7.6085 -3.2497 +1.1432 -6.2982 +6.0152 -0.6099 +11.8583 +0.3176 +0.9552 +4.2311 +12.9708 +0.8398 -0.2377 -4.0290 -3.2815 -1.4680 +2.6389 +0.5320 -0.6534 +0.2081 -0.2633 +0.3813 -0.8063 -0.6789 -0.0907 -0.6261 +0.4198 -0.1949 -0.0051 +0.0000 +0.0000 +0.0000 +0.0000 +0.0000 +0.0000
