Step: 4501
Timestamp: 1779742362.6881444

Joint Positions (q) [35]:
  +0.0711 +0.0670 +0.1722 +0.2016 -0.2480 -0.0264 -0.0132 -0.0568 -0.3065 +0.2350 -0.1898 +0.0045 +0.0099 +0.0051 +0.0028 -0.0053 +0.2878 -0.6513 +1.1179 +0.2531 +0.1989 +0.0208 +0.0266 -0.2559 +0.6702 +1.1761 -0.3195 +0.2269 -0.0759 +0.0000 +0.0000 +0.0000 +0.0000 +0.0000 +0.0000

Joint Velocities (dq) [35]:
  -0.0009 +0.0128 -0.0046 -0.0118 -0.0124 -0.0151 -0.0052 +0.0139 -0.0079 -0.0116 +0.0782 -0.0380 -0.0038 +0.0114 -0.0067 +0.0004 -0.0019 +0.0075 -0.0053 +0.0062 -0.0006 +0.0022 +0.0085 -0.0025 -0.0074 -0.0070 -0.0132 +0.0031 -0.0069 +0.0000 +0.0000 +0.0000 +0.0000 +0.0000 +0.0000

Joint Torques (tau) [35]:
  -5.0837 -0.3540 -0.4613 -2.2202 +12.0029 -0.1873 +6.8705 +2.5856 -0.7739 +9.3428 +23.3605 +0.9326 +0.1429 +0.0115 -2.2249 -0.9193 +0.6308 +0.1291 -0.7870 -0.0342 -0.1260 +0.0925 -1.0738 -0.4063 -0.2362 -0.9012 +0.1707 -0.1808 +0.0026 +0.0000 +0.0000 +0.0000 +0.0000 +0.0000 +0.0000
