Step: 14135
Timestamp: 1779743435.6489937

Joint Positions (q) [35]:
  -0.0659 +0.0313 +0.0590 +0.2874 -0.2408 +0.0019 -0.1466 -0.0507 -0.2939 +0.2496 -0.1101 -0.0208 +0.0045 +0.1061 +0.0142 -0.0221 +0.2756 -0.6895 +1.1564 +0.2182 +0.1954 -0.0406 -0.0431 -0.3056 +0.6772 +1.2181 -0.3108 +0.2095 -0.0308 +0.0000 +0.0000 +0.0000 +0.0000 +0.0000 +0.0000

Joint Velocities (dq) [35]:
  -0.0590 +0.0389 +0.0186 -0.1226 +0.0767 -0.0316 -0.0367 +0.0711 +0.0035 -0.2049 +0.1576 -0.0591 +0.0822 +0.2122 -0.1130 +0.0163 +0.0440 -0.1818 -0.1306 -0.2252 -0.0277 -0.1920 +0.1176 -0.1448 +0.0909 -0.0135 +0.3591 +0.0161 +0.0813 +0.0000 +0.0000 +0.0000 +0.0000 +0.0000 +0.0000

Joint Torques (tau) [35]:
  -7.8136 +1.3563 +1.5720 -7.3411 +3.3826 -0.1052 +13.7415 -3.0439 +3.0564 +4.6045 +8.0817 +0.8814 -1.1891 -2.6956 -5.1786 -1.6500 +1.9924 +0.4517 -0.5812 -0.0632 -0.0647 +0.1237 -0.7139 -0.7138 -0.2950 -0.6145 +0.2082 -0.0935 -0.0816 +0.0000 +0.0000 +0.0000 +0.0000 +0.0000 +0.0000
