Step: 4478
Timestamp: 1779742360.263404

Joint Positions (q) [35]:
  +0.0697 +0.0675 +0.1709 +0.2059 -0.2536 -0.0258 -0.0119 -0.0566 -0.3077 +0.2346 -0.1923 +0.0048 +0.0105 +0.0050 +0.0027 -0.0058 +0.2918 -0.6692 +1.1159 +0.2441 +0.2045 +0.0153 +0.0243 -0.2611 +0.6924 +1.1740 -0.2976 +0.2267 -0.0710 +0.0000 +0.0000 +0.0000 +0.0000 +0.0000 +0.0000

Joint Velocities (dq) [35]:
  +0.0089 +0.0073 -0.0029 -0.0311 -0.0026 -0.0082 -0.0005 +0.0111 -0.0061 -0.0251 +0.1090 -0.0262 -0.0069 +0.0150 -0.0037 +0.0020 -0.0113 +0.0401 +0.0013 +0.0277 -0.0086 +0.0112 +0.0086 +0.0027 -0.0593 -0.0097 -0.0515 +0.0029 +0.0056 +0.0000 +0.0000 +0.0000 +0.0000 +0.0000 +0.0000

Joint Torques (tau) [35]:
  -4.8059 -0.1472 -0.5243 -1.7568 +13.4842 -0.2053 +6.8760 +2.7839 -0.8076 +9.8507 +23.8178 +0.8791 +0.1038 +0.2107 -2.3943 -0.9677 +0.6152 +0.1612 -0.8199 -0.0419 -0.1356 +0.1003 -1.0514 -0.4377 -0.2603 -0.8809 +0.1500 -0.1705 -0.0476 +0.0000 +0.0000 +0.0000 +0.0000 +0.0000 +0.0000
