Step: 12251
Timestamp: 1779743225.5825572

Joint Positions (q) [35]:
  +0.0322 +0.0519 +0.1476 +0.2102 -0.2296 -0.0099 -0.0287 -0.0741 -0.3402 +0.2329 -0.1790 +0.0137 +0.0112 +0.0086 +0.0059 +0.0101 +0.3034 -0.7113 +1.1206 +0.2583 +0.2217 -0.0252 +0.0202 -0.2729 +0.7115 +1.1743 -0.2421 +0.2299 -0.0585 +0.0000 +0.0000 +0.0000 +0.0000 +0.0000 +0.0000

Joint Velocities (dq) [35]:
  -0.1108 -0.0463 -0.2102 +0.1170 -0.1010 +0.0736 +0.0561 -0.0588 -0.2092 -0.0296 -0.0245 -0.0024 -0.0435 +0.0256 +0.0418 -0.0247 -0.0256 -0.0429 -0.0154 +0.1378 -0.0410 +0.0553 -0.0776 +0.0448 -0.0455 +0.1358 +0.0440 +0.0530 +0.0393 +0.0000 +0.0000 +0.0000 +0.0000 +0.0000 +0.0000

Joint Torques (tau) [35]:
  -5.3383 -0.5399 +0.7513 -3.3225 +8.7996 -0.3853 +7.4820 -2.0971 +0.7517 +6.6321 +17.2308 +0.6261 -1.1164 -0.8348 -2.7785 -1.6246 +1.0794 +0.2773 -0.7885 -0.1781 -0.0975 +0.1342 -0.9364 -1.0436 -0.3757 -0.8114 +0.1364 -0.1147 -0.1261 +0.0000 +0.0000 +0.0000 +0.0000 +0.0000 +0.0000
