Step: 8639
Timestamp: 1779742823.2971005

Joint Positions (q) [35]:
  +0.0528 +0.0354 +0.1164 +0.1866 -0.2055 -0.0069 -0.0270 -0.0612 -0.2740 +0.2170 -0.1407 +0.0064 -0.0085 +0.0501 +0.0051 -0.0003 +0.3148 -0.7076 +1.1025 +0.2706 +0.1858 -0.0888 +0.0627 -0.2991 +0.6532 +1.1634 -0.1886 +0.1836 -0.0093 +0.0000 +0.0000 +0.0000 +0.0000 +0.0000 +0.0000

Joint Velocities (dq) [35]:
  +0.0584 -0.0081 -0.0134 -0.0366 -0.0672 -0.0283 +0.0439 -0.0123 -0.0531 -0.0255 +0.0629 +0.0231 -0.0157 -0.1163 -0.0083 -0.0098 +0.0991 -0.0041 -0.0615 +0.0947 -0.0821 -0.1808 -0.0210 -0.0282 +0.0087 -0.1107 -0.1833 -0.0724 +0.0642 +0.0000 +0.0000 +0.0000 +0.0000 +0.0000 +0.0000

Joint Torques (tau) [35]:
  -1.6900 +1.6400 -1.7245 -1.7390 +8.2447 -0.7519 +1.2280 +0.8635 -1.0148 +3.0015 +9.9704 +0.6118 +0.2819 -1.5016 -1.4753 -1.4831 +1.7855 +0.5253 -0.5630 -0.0953 -0.0434 +0.0993 -1.4463 -1.7071 -0.4093 -0.5992 +0.0170 -0.0716 -0.1694 +0.0000 +0.0000 +0.0000 +0.0000 +0.0000 +0.0000
