Step: 4046
Timestamp: 1779742312.232433

Joint Positions (q) [35]:
  +0.0713 +0.0680 +0.1881 +0.2107 -0.2542 -0.0266 -0.0134 -0.0532 -0.2452 +0.2433 -0.1973 +0.0127 +0.0258 -0.0105 +0.0053 +0.0208 +0.3207 -0.6640 +1.1388 +0.2118 +0.1979 -0.0672 +0.0288 -0.2828 +0.6615 +1.1793 -0.2233 +0.1861 -0.0411 +0.0000 +0.0000 +0.0000 +0.0000 +0.0000 +0.0000

Joint Velocities (dq) [35]:
  +0.0397 +0.0104 +0.0535 -0.0129 -0.0600 +0.0091 +0.0210 +0.0216 +0.0473 -0.0442 +0.0926 -0.0260 -0.0352 +0.0151 -0.0461 +0.0248 +0.0265 +0.0070 -0.0697 +0.0148 +0.0613 -0.0544 -0.0092 -0.0179 -0.0034 +0.0076 +0.0012 -0.0139 +0.0186 +0.0000 +0.0000 +0.0000 +0.0000 +0.0000 +0.0000

Joint Torques (tau) [35]:
  +1.2265 -1.0363 -2.2736 +2.6010 +17.1119 -0.7236 -0.1120 +4.0521 -2.3392 +5.4815 +20.4063 +0.8362 -0.2058 +1.5884 -2.6216 -1.3868 +1.6001 +0.3726 -1.0710 -0.1306 -0.0649 +0.1315 -1.2712 -2.0251 -0.3358 -0.6608 +0.0171 -0.0141 -0.2018 +0.0000 +0.0000 +0.0000 +0.0000 +0.0000 +0.0000
