Step: 466
Timestamp: 1779741913.7311094

Joint Positions (q) [35]:
  +0.0674 +0.0904 +0.1590 +0.1707 -0.2257 -0.0442 -0.0563 -0.0693 -0.3178 +0.1973 -0.1073 +0.0383 +0.0023 +0.0207 +0.0043 +0.0043 +0.3077 -0.6879 +1.0947 +0.3160 +0.2231 -0.0021 +0.0381 -0.2717 +0.6747 +1.1457 -0.3084 +0.2349 -0.0555 +0.0000 +0.0000 +0.0000 +0.0000 +0.0000 +0.0000

Joint Velocities (dq) [35]:
  +0.0010 +0.0039 -0.0057 -0.0224 -0.0051 -0.0027 +0.0067 +0.0123 +0.0214 -0.0885 +0.2885 -0.0054 +0.0021 +0.0385 +0.0288 +0.0193 -0.0106 +0.0669 -0.1007 +0.1114 +0.0523 +0.0150 +0.0734 -0.0583 -0.0413 -0.1774 -0.0415 +0.0538 +0.0163 +0.0000 +0.0000 +0.0000 +0.0000 +0.0000 +0.0000

Joint Torques (tau) [35]:
  -8.1464 -6.1994 +0.1459 -4.2176 +8.4551 -0.9153 +11.4973 +9.6021 -1.7210 +12.9012 +17.3244 +0.5391 +0.1452 +0.2759 -2.7527 -1.1188 +0.7861 +0.2921 -0.8940 -0.0725 -0.1173 +0.0680 -0.8991 -0.7982 -0.2104 -0.7539 +0.0546 -0.0659 -0.1434 +0.0000 +0.0000 +0.0000 +0.0000 +0.0000 +0.0000
