Step: 733
Timestamp: 1779741943.3189971

Joint Positions (q) [35]:
  +0.0852 +0.0771 +0.1465 +0.1778 -0.2333 -0.0319 -0.0229 -0.0875 -0.3808 +0.2069 -0.1219 +0.0450 +0.0162 +0.0043 +0.0068 +0.0127 +0.2939 -0.7025 +1.1246 +0.3225 +0.2107 -0.0709 +0.0432 -0.2551 +0.6987 +1.1809 -0.2592 +0.2322 +0.0077 +0.0000 +0.0000 +0.0000 +0.0000 +0.0000 +0.0000

Joint Velocities (dq) [35]:
  +0.0425 -0.0227 -0.0511 -0.0095 -0.0524 +0.0051 +0.0150 -0.0484 -0.0318 +0.0777 +0.1072 +0.0899 +0.0079 -0.1487 -0.1416 +0.2122 +0.0449 +0.3278 -0.0464 +0.0500 +0.0010 +0.0745 +0.1849 +0.1161 -0.1731 +0.0602 +0.2502 +0.0540 +0.1511 +0.0000 +0.0000 +0.0000 +0.0000 +0.0000 +0.0000

Joint Torques (tau) [35]:
  -7.5517 -4.8657 -1.4268 -4.1802 +7.1995 -0.5830 +9.7744 +7.1049 +0.0489 +11.4701 +17.9932 +0.4808 +0.6429 -1.1695 -2.5441 -1.1998 +0.9481 +0.4254 -0.8284 -0.1461 -0.1243 +0.1355 -1.3590 -1.5414 -0.3301 -0.5856 -0.0039 -0.0142 -0.1293 +0.0000 +0.0000 +0.0000 +0.0000 +0.0000 +0.0000
