Step: 988
Timestamp: 1779741971.6320412

Joint Positions (q) [35]:
  +0.0965 +0.0812 +0.1777 +0.1687 -0.2301 -0.0307 -0.0157 -0.0727 -0.3558 +0.1945 -0.1098 +0.0411 +0.0039 +0.0180 +0.0071 -0.0084 +0.3077 -0.7319 +1.1259 +0.3052 +0.1782 -0.0717 +0.0422 -0.2865 +0.7028 +1.1454 -0.2813 +0.1947 +0.0154 +0.0000 +0.0000 +0.0000 +0.0000 +0.0000 +0.0000

Joint Velocities (dq) [35]:
  +0.0120 +0.0150 +0.0418 -0.0114 -0.0113 -0.0001 +0.0030 +0.0190 -0.0059 -0.0564 +0.1975 -0.0071 +0.0246 +0.0482 -0.0356 +0.0138 -0.0764 -0.0782 -0.0067 +0.1254 +0.0622 +0.0652 +0.0267 -0.0025 +0.0194 -0.0379 -0.1067 +0.0526 -0.0356 +0.0000 +0.0000 +0.0000 +0.0000 +0.0000 +0.0000

Joint Torques (tau) [35]:
  -4.9546 -1.1459 -2.4900 -2.3818 +9.2001 -0.6543 +7.2554 +5.6919 -1.5052 +10.8864 +17.8085 +0.1914 -0.3099 +0.3873 -2.3458 -1.4341 +0.9855 +0.3403 -0.7904 -0.0537 -0.1404 +0.0818 -1.2446 -1.0035 -0.3934 -0.8398 +0.1038 -0.1052 -0.2110 +0.0000 +0.0000 +0.0000 +0.0000 +0.0000 +0.0000
