Step: 7076
Timestamp: 1779742649.7109423

Joint Positions (q) [35]:
  -0.0604 -0.0205 +0.1543 +0.2499 -0.1392 +0.0300 +0.1687 -0.0762 -0.4010 +0.1794 -0.2696 +0.0433 +0.0314 +0.0036 +0.0095 +0.0249 +0.3309 -0.7004 +1.0856 +0.2310 +0.1903 -0.1306 +0.0288 -0.2841 +0.6760 +1.1705 -0.2934 +0.2006 -0.0453 +0.0000 +0.0000 +0.0000 +0.0000 +0.0000 +0.0000

Joint Velocities (dq) [35]:
  -0.0261 +0.0216 -0.0036 +0.0496 -0.0818 -0.0173 -0.0364 +0.0034 -0.0122 +0.0362 +0.1412 +0.0137 +0.0187 -0.0046 -0.0928 +0.2007 +0.1555 +0.0965 -0.2486 -0.1567 -0.0813 -0.3462 +0.0228 +0.0050 -0.0764 +0.0449 -0.0410 +0.0384 +0.2462 +0.0000 +0.0000 +0.0000 +0.0000 +0.0000 +0.0000

Joint Torques (tau) [35]:
  +7.3265 +7.9942 -5.8835 +0.7849 +8.7308 +0.2253 -8.4311 -6.0723 +0.7697 +1.8152 +15.6035 +0.9849 +0.3859 -1.0396 -1.7761 -0.5465 +2.3988 +0.4802 -0.0431 -0.1688 +0.1111 +0.0185 -1.3043 -1.6194 -0.4069 -0.6432 -0.1185 +0.0532 -0.1421 +0.0000 +0.0000 +0.0000 +0.0000 +0.0000 +0.0000
