Step: 4855
Timestamp: 1779742402.0675373

Joint Positions (q) [35]:
  +0.0860 +0.0917 +0.1594 +0.1899 -0.2552 -0.0475 -0.0985 -0.0443 -0.3070 +0.2357 -0.1088 -0.0167 -0.0305 +0.0198 +0.0111 +0.0185 +0.3395 -0.6737 +1.0746 +0.2782 +0.1763 +0.0134 +0.0228 -0.3022 +0.6463 +1.1684 -0.1607 +0.1777 -0.0874 +0.0000 +0.0000 +0.0000 +0.0000 +0.0000 +0.0000

Joint Velocities (dq) [35]:
  +0.0507 -0.1005 +0.0302 -0.1447 +0.1003 +0.0867 -0.0075 -0.0829 +0.0014 -0.1277 +0.0003 -0.0272 +0.1325 -0.0380 -0.0326 -0.1365 +0.0248 -0.2716 +0.0876 -0.1536 -0.0299 -0.0014 -0.0709 -0.0339 +0.4451 -0.0252 +0.0062 +0.0273 +0.0387 +0.0000 +0.0000 +0.0000 +0.0000 +0.0000 +0.0000

Joint Torques (tau) [35]:
  -8.0410 -4.8181 +0.2098 -3.7061 +8.7039 -0.6999 +10.1904 +1.1572 -0.2451 +5.1648 +10.3336 +0.9455 +1.0184 -0.6247 -2.9676 -0.9770 +1.2565 +0.3937 -0.6107 -0.0689 -0.0637 +0.1181 -2.2023 -1.5461 -0.5016 -1.0365 +0.0494 -0.2286 -0.2450 +0.0000 +0.0000 +0.0000 +0.0000 +0.0000 +0.0000
