Step: 14622
Timestamp: 1779743489.9207745

Joint Positions (q) [35]:
  +0.0329 +0.0307 +0.0952 +0.1962 -0.2265 +0.0172 -0.0491 -0.0764 -0.3238 +0.2051 -0.1030 +0.0145 +0.0214 +0.0028 +0.0123 -0.0037 +0.3310 -0.7354 +1.1216 +0.1956 +0.1895 -0.0659 +0.0040 -0.2977 +0.7509 +1.1583 -0.2398 +0.1877 -0.0027 +0.0000 +0.0000 +0.0000 +0.0000 +0.0000 +0.0000

Joint Velocities (dq) [35]:
  +0.1387 +0.0043 +0.1058 -0.1205 -0.0213 +0.0125 -0.0111 +0.0056 +0.0896 +0.0355 -0.0354 -0.0308 +0.1312 +0.0169 +0.0203 -0.0120 -0.1234 +0.0835 +0.1307 +0.0506 +0.0527 +0.1438 +0.0853 -0.0153 -0.0131 -0.0997 -0.0798 +0.0345 -0.0586 +0.0000 +0.0000 +0.0000 +0.0000 +0.0000 +0.0000

Joint Torques (tau) [35]:
  -6.7996 +4.9419 -0.6098 -5.5022 +9.0198 -0.8697 +11.3664 +3.7035 -0.2820 +12.1242 +15.6671 +0.6343 -0.6650 +0.6391 -4.1801 -1.9973 +0.8840 +0.4885 -1.1051 -0.0238 -0.2386 +0.3256 -0.8242 -1.3493 -0.3544 -0.5357 +0.1200 -0.0557 -0.1428 +0.0000 +0.0000 +0.0000 +0.0000 +0.0000 +0.0000
