Step: 7817
Timestamp: 1779742731.9713042

Joint Positions (q) [35]:
  -0.1355 -0.0253 +0.1558 +0.3065 -0.1688 +0.0363 +0.1224 -0.1117 -0.4011 +0.2230 -0.3139 +0.0360 +0.0400 -0.0218 +0.0029 -0.0021 +0.3005 -0.6652 +1.1134 +0.3583 +0.1924 -0.0430 +0.0470 -0.2980 +0.6687 +1.1469 -0.2306 +0.1851 -0.0640 +0.0000 +0.0000 +0.0000 +0.0000 +0.0000 +0.0000

Joint Velocities (dq) [35]:
  +0.3186 -0.2651 +0.1551 -0.2030 -0.1559 +0.0672 -0.0675 -0.3971 +0.1230 +0.5605 -0.2892 +0.1450 -0.0266 -0.3139 -0.0517 +0.0186 -0.0497 +0.1208 +0.2468 +0.2863 -0.0439 +0.1084 -0.0073 +0.1275 -0.1593 +0.0355 -0.1095 -0.0488 +0.1282 +0.0000 +0.0000 +0.0000 +0.0000 +0.0000 +0.0000

Joint Torques (tau) [35]:
  +8.2840 +4.6855 -2.0309 +2.9308 +9.8650 +1.0397 -9.5418 -6.5837 -0.2190 -2.1740 +16.4668 +1.0417 -0.4355 -1.6659 -1.8652 -2.0069 +0.6986 +0.4759 -1.2639 -0.2587 -0.2677 +0.1487 -1.2391 -1.0793 -0.3108 -0.8334 +0.0763 -0.1622 -0.1346 +0.0000 +0.0000 +0.0000 +0.0000 +0.0000 +0.0000
