Step: 6880
Timestamp: 1779742627.8951979

Joint Positions (q) [35]:
  -0.0414 -0.0164 +0.1704 +0.2558 -0.1686 +0.0382 +0.1557 -0.0885 -0.4302 +0.1780 -0.2538 +0.0501 +0.0376 -0.0046 +0.0022 +0.0348 +0.3212 -0.6993 +1.1078 +0.2236 +0.1887 -0.0684 +0.0685 -0.2949 +0.7071 +1.1402 -0.2106 +0.1984 -0.0292 +0.0000 +0.0000 +0.0000 +0.0000 +0.0000 +0.0000

Joint Velocities (dq) [35]:
  +0.5168 -0.0385 +0.1445 -0.3870 +0.0482 -0.0418 +0.1580 -0.0898 +0.1907 +0.2386 +0.0674 +0.1412 +0.1134 -0.0876 +0.1774 +0.1431 +0.0898 +0.0395 -0.0981 -0.2374 -0.0073 +0.0279 +0.0498 +0.0495 +0.1968 +0.0251 +0.0670 -0.1319 +0.2028 +0.0000 +0.0000 +0.0000 +0.0000 +0.0000 +0.0000

Joint Torques (tau) [35]:
  +3.2374 +13.1358 -6.6993 -3.5574 +11.4113 +0.0398 -4.7925 -0.7520 +2.1741 +3.0572 +13.0450 +0.2429 +0.0591 -0.2714 -0.0778 -0.9990 +1.6124 +0.1365 -0.4199 +0.0202 +0.0343 +0.0801 -1.4672 -2.2798 -0.3968 -0.3764 -0.2811 +0.0798 -0.1822 +0.0000 +0.0000 +0.0000 +0.0000 +0.0000 +0.0000
