Step: 5000
Timestamp: 1779742418.1308918

Joint Positions (q) [35]:
  +0.0705 +0.0583 +0.1711 +0.1770 -0.2369 +0.0003 -0.0450 -0.0552 -0.3352 +0.1915 -0.0795 +0.0346 +0.0064 +0.0132 +0.0088 -0.0329 +0.2910 -0.6461 +1.1373 +0.3694 +0.2135 +0.0087 +0.0113 -0.2426 +0.6563 +1.2097 -0.3383 +0.2268 -0.0467 +0.0000 +0.0000 +0.0000 +0.0000 +0.0000 +0.0000

Joint Velocities (dq) [35]:
  +0.0312 -0.0009 +0.1154 -0.0832 +0.0097 +0.0064 -0.0936 +0.0088 +0.1358 +0.0493 -0.0105 +0.0374 +0.1062 +0.0221 -0.0174 -0.0058 -0.0410 -0.0383 +0.0964 -0.1096 +0.0051 +0.0548 +0.0094 +0.0089 +0.0295 +0.0220 -0.1180 -0.0163 +0.0191 +0.0000 +0.0000 +0.0000 +0.0000 +0.0000 +0.0000

Joint Torques (tau) [35]:
  -7.2018 +5.2836 -1.2708 -4.7719 +10.5150 -0.3701 +10.7861 +2.9386 -0.1094 +12.1429 +16.2823 -0.3965 +0.1650 +0.4693 -3.3104 -0.8478 -0.2578 +0.2070 -1.0008 -0.3103 -0.2636 -0.0304 -1.2436 -0.7054 -0.3516 -0.8160 +0.1639 -0.1189 -0.1977 +0.0000 +0.0000 +0.0000 +0.0000 +0.0000 +0.0000
