Step: 4432
Timestamp: 1779742355.227027

Joint Positions (q) [35]:
  +0.0741 +0.0613 +0.1703 +0.1827 -0.2359 -0.0241 -0.0129 -0.0596 -0.3086 +0.2246 -0.1824 +0.0072 +0.0121 +0.0232 +0.0065 -0.0356 +0.2969 -0.7525 +1.1328 +0.2010 +0.1863 -0.0124 -0.0012 -0.2951 +0.7612 +1.1748 -0.2246 +0.2046 -0.0616 +0.0000 +0.0000 +0.0000 +0.0000 +0.0000 +0.0000

Joint Velocities (dq) [35]:
  -0.0321 +0.0114 +0.0157 -0.0215 -0.0116 -0.0044 -0.0089 +0.0287 +0.0099 -0.1039 +0.1285 -0.0279 -0.0218 +0.0096 +0.0027 -0.0383 -0.1463 -0.0003 +0.0630 +0.1305 +0.0014 +0.0150 +0.0020 +0.0613 -0.0149 -0.0016 -0.2089 +0.0580 -0.0096 +0.0000 +0.0000 +0.0000 +0.0000 +0.0000 +0.0000

Joint Torques (tau) [35]:
  -3.0089 +2.0363 -2.2945 -0.9610 +14.0162 -0.3412 +6.5285 +0.7144 +0.4364 +8.8708 +21.4056 +0.7328 +0.9998 +0.4642 -3.1862 -0.8125 +2.3020 +0.3925 -0.3815 +0.2797 +0.1313 +0.1693 -1.4674 -1.0304 -0.3801 -0.8918 -0.0659 -0.1267 -0.1631 +0.0000 +0.0000 +0.0000 +0.0000 +0.0000 +0.0000
