Step: 14106
Timestamp: 1779743432.334999

Joint Positions (q) [35]:
  +0.0294 +0.0038 +0.0365 +0.2177 -0.2307 +0.0244 -0.0807 -0.0806 -0.3159 +0.2362 -0.1105 +0.0069 +0.0034 -0.0047 +0.0117 +0.0143 +0.3206 -0.7347 +1.1009 +0.2348 +0.2242 -0.0489 +0.0241 -0.2792 +0.7085 +1.1482 -0.2586 +0.2146 -0.0056 +0.0000 +0.0000 +0.0000 +0.0000 +0.0000 +0.0000

Joint Velocities (dq) [35]:
  -0.0206 +0.0160 -0.0778 -0.0697 +0.0184 -0.0161 +0.0095 +0.0233 -0.0720 -0.0955 +0.0718 -0.0161 -0.0366 -0.0048 +0.0254 -0.0873 +0.1106 -0.0652 -0.0526 -0.1149 -0.0163 -0.1836 -0.1140 +0.0444 +0.0834 +0.1633 +0.1072 +0.0192 +0.0067 +0.0000 +0.0000 +0.0000 +0.0000 +0.0000 +0.0000

Joint Torques (tau) [35]:
  -9.5879 +8.0215 +0.7906 -8.6672 +6.4779 -0.5876 +12.2619 +0.5630 -0.6516 +9.1347 +12.2828 +0.2131 -0.4978 +1.0938 -3.5771 -2.8682 +1.2213 +0.7146 -1.4424 -0.0211 -0.3701 +0.5239 -1.4563 -1.2973 -0.3896 -0.7969 +0.0702 -0.0931 -0.1825 +0.0000 +0.0000 +0.0000 +0.0000 +0.0000 +0.0000
