Step: 2818
Timestamp: 1779742175.0328484

Joint Positions (q) [35]:
  +0.0024 +0.0550 +0.2047 +0.2290 -0.2177 -0.0035 +0.0262 -0.0683 -0.3463 +0.1837 -0.1688 +0.0438 +0.0193 +0.0088 +0.0045 +0.0198 +0.3100 -0.6440 +1.0834 +0.3141 +0.2208 +0.0101 +0.0382 -0.2752 +0.6595 +1.1496 -0.2975 +0.2240 -0.1246 +0.0000 +0.0000 +0.0000 +0.0000 +0.0000 +0.0000

Joint Velocities (dq) [35]:
  -0.0095 +0.0268 -0.0442 -0.0167 -0.0310 -0.0157 -0.0109 +0.0293 -0.0190 -0.0276 +0.2548 +0.0328 -0.0474 +0.0314 +0.0243 -0.0182 -0.0117 -0.0041 -0.0117 +0.0845 -0.0036 -0.0217 -0.0541 -0.0069 -0.0069 +0.0377 +0.0241 +0.0118 +0.0227 +0.0000 +0.0000 +0.0000 +0.0000 +0.0000 +0.0000

Joint Torques (tau) [35]:
  +0.0825 +5.2195 -3.0123 -1.9876 +11.6904 -0.1511 +2.1692 +1.5845 -0.2593 +8.3532 +17.0680 +0.2891 -0.2342 +0.2551 -3.4054 -2.0842 +0.3571 +0.5779 -1.5024 -0.2601 -0.3608 +0.2600 -1.2245 -0.3849 -0.3202 -1.0252 +0.1691 -0.2415 -0.1910 +0.0000 +0.0000 +0.0000 +0.0000 +0.0000 +0.0000
