Step: 9051
Timestamp: 1779742868.6773214

Joint Positions (q) [35]:
  +0.0822 +0.0128 +0.1318 +0.1882 -0.2542 +0.0317 +0.0437 -0.0788 -0.3328 +0.2326 -0.1815 +0.0432 +0.0002 -0.0004 +0.0082 +0.0137 +0.3103 -0.7365 +1.1042 +0.2898 +0.2114 -0.0316 +0.0080 -0.2636 +0.7051 +1.1909 -0.2902 +0.2160 +0.0010 +0.0000 +0.0000 +0.0000 +0.0000 +0.0000 +0.0000

Joint Velocities (dq) [35]:
  -0.0209 +0.0430 +0.0092 -0.0295 -0.0004 -0.0601 -0.0634 +0.0475 +0.0245 -0.0298 -0.0248 -0.0247 +0.0327 +0.0227 +0.0086 -0.0520 -0.0054 -0.0310 +0.0282 -0.0007 -0.0112 -0.0336 -0.0013 -0.0197 +0.0372 -0.0310 +0.0061 +0.0183 -0.0430 +0.0000 +0.0000 +0.0000 +0.0000 +0.0000 +0.0000

Joint Torques (tau) [35]:
  -1.6994 +12.2186 -1.8347 +2.0712 +22.2250 -0.5029 +3.5892 -1.6918 +0.5176 +7.3836 +15.7516 -0.3577 +0.3329 +0.6292 -2.9361 -1.5899 +0.5840 +0.3951 -0.9763 -0.2126 -0.1840 +0.1721 -1.5376 -1.3004 -0.3166 -0.7608 +0.0788 -0.0638 -0.1919 +0.0000 +0.0000 +0.0000 +0.0000 +0.0000 +0.0000
