Step: 8400
Timestamp: 1779742796.8639104

Joint Positions (q) [35]:
  -0.0120 +0.0264 +0.1692 +0.2557 -0.1982 +0.0012 +0.1344 -0.0732 -0.3876 +0.1870 -0.2365 +0.0611 +0.0136 +0.0166 +0.0067 +0.0117 +0.3299 -0.7344 +1.0922 +0.2291 +0.1852 -0.1040 +0.0462 -0.3011 +0.7083 +1.1440 -0.2487 +0.1907 -0.0310 +0.0000 +0.0000 +0.0000 +0.0000 +0.0000 +0.0000

Joint Velocities (dq) [35]:
  +0.0677 +0.0882 -0.0204 -0.0312 -0.0357 -0.0469 +0.0295 +0.0793 -0.0082 +0.0184 +0.1381 +0.0635 -0.0072 +0.0114 +0.0448 -0.0121 +0.0308 -0.0317 -0.0605 +0.0531 -0.0476 -0.0752 -0.0229 -0.0274 +0.1312 -0.0424 +0.0628 -0.0007 +0.0202 +0.0000 +0.0000 +0.0000 +0.0000 +0.0000 +0.0000

Joint Torques (tau) [35]:
  +4.0192 +6.5288 -5.2305 +1.0767 +13.5488 +0.4269 -3.4992 -3.2650 +1.0960 +5.9907 +19.1981 +0.1911 +0.1625 -0.8468 -1.9662 -1.1527 +1.3107 +0.3906 -0.7461 -0.1475 -0.1284 -0.0364 -1.1291 -1.2130 -0.3169 -0.6522 +0.0482 -0.0825 -0.1097 +0.0000 +0.0000 +0.0000 +0.0000 +0.0000 +0.0000
