Step: 1085
Timestamp: 1779741982.571654

Joint Positions (q) [35]:
  +0.0510 +0.0796 +0.1791 +0.1887 -0.2275 -0.0320 -0.0528 -0.0747 -0.3459 +0.2078 -0.1231 +0.0312 +0.0052 +0.0076 +0.0031 -0.0022 +0.3234 -0.7049 +1.0962 +0.2870 +0.2119 -0.0330 +0.0252 -0.2705 +0.7114 +1.1605 -0.2741 +0.2293 -0.0531 +0.0000 +0.0000 +0.0000 +0.0000 +0.0000 +0.0000

Joint Velocities (dq) [35]:
  -0.0944 +0.0351 -0.1051 +0.0847 -0.0434 -0.0763 +0.0574 +0.0477 -0.0984 -0.1619 +0.1300 -0.1869 +0.0219 +0.0381 +0.0468 +0.0337 +0.0849 -0.0773 -0.2630 +0.1321 -0.0565 +0.0717 -0.0411 -0.0150 +0.1630 +0.0241 +0.0082 -0.0309 +0.0065 +0.0000 +0.0000 +0.0000 +0.0000 +0.0000 +0.0000

Joint Torques (tau) [35]:
  -7.5738 -1.8253 -1.1650 -4.9068 +6.3199 -0.6312 +11.4903 +4.6774 -0.0676 +11.5781 +16.3788 +0.6976 -0.7033 +0.0119 -2.7111 -2.3238 +0.7300 +0.4829 -1.0223 -0.2867 -0.2634 +0.1862 -1.5926 -1.2592 -0.5002 -0.6120 +0.3731 -0.2119 -0.1648 +0.0000 +0.0000 +0.0000 +0.0000 +0.0000 +0.0000
