Step: 15120
Timestamp: 1779743545.5790477

Joint Positions (q) [35]:
  +0.0308 +0.0205 +0.1068 +0.1795 -0.2054 +0.0272 -0.0254 -0.0793 -0.3580 +0.2015 -0.1106 +0.0175 +0.0075 +0.0019 +0.0107 -0.0155 +0.3136 -0.7368 +1.1337 +0.2593 +0.1986 -0.0591 -0.0160 -0.2707 +0.7230 +1.2176 -0.2147 +0.2100 -0.0713 +0.0000 +0.0000 +0.0000 +0.0000 +0.0000 +0.0000

Joint Velocities (dq) [35]:
  +0.0217 +0.0045 -0.0517 +0.0018 -0.0578 +0.0050 +0.0264 +0.0001 -0.0330 -0.0050 -0.0515 -0.0062 +0.0139 +0.0343 +0.0113 -0.0344 +0.0270 -0.0755 -0.0455 -0.0011 +0.0111 -0.1046 +0.0129 -0.0743 +0.0763 -0.0482 +0.2339 +0.0306 +0.0598 +0.0000 +0.0000 +0.0000 +0.0000 +0.0000 +0.0000

Joint Torques (tau) [35]:
  -4.4159 +10.6963 -2.2806 -4.3193 +9.0504 -0.5655 +7.4468 -0.8300 +0.3915 +9.3931 +15.1162 +0.3179 -0.4332 +0.8348 -3.6808 -2.2926 +1.1910 +0.5758 -1.1973 -0.0940 -0.2923 +0.3236 -1.1731 -1.1204 -0.2975 -0.5925 +0.1048 -0.0759 -0.0299 +0.0000 +0.0000 +0.0000 +0.0000 +0.0000 +0.0000
