Step: 706
Timestamp: 1779741940.391266

Joint Positions (q) [35]:
  +0.0801 +0.0836 +0.1981 +0.1649 -0.2203 -0.0360 -0.0602 -0.0734 -0.3307 +0.2056 -0.1012 +0.0302 +0.0050 +0.0191 +0.0087 -0.0296 +0.2965 -0.7093 +1.1720 +0.2515 +0.2066 -0.0050 +0.0111 -0.2729 +0.6953 +1.1847 -0.2788 +0.2097 -0.0406 +0.0000 +0.0000 +0.0000 +0.0000 +0.0000 +0.0000

Joint Velocities (dq) [35]:
  +0.0117 +0.0976 -0.0616 +0.1381 -0.1080 -0.0638 +0.0871 +0.0669 -0.0655 +0.0171 +0.0541 -0.0231 +0.0276 -0.0786 +0.0435 +0.0082 +0.1184 -0.0256 -0.1551 -0.1293 -0.0454 -0.1391 +0.0151 -0.0218 +0.0981 -0.0474 +0.2297 -0.0057 +0.0050 +0.0000 +0.0000 +0.0000 +0.0000 +0.0000 +0.0000

Joint Torques (tau) [35]:
  -9.5487 -3.7099 -0.7551 -5.0257 +7.0922 -0.6982 +12.4135 +5.5609 +0.0026 +12.0403 +17.4944 +0.5281 +0.4232 +0.9212 -2.5529 -1.1554 +1.5018 +0.2542 -0.4984 +0.0417 +0.0083 +0.1423 -1.2557 -1.0111 -0.2446 -0.6500 +0.0336 -0.0696 -0.0765 +0.0000 +0.0000 +0.0000 +0.0000 +0.0000 +0.0000
