Step: 14290
Timestamp: 1779743452.875441

Joint Positions (q) [35]:
  +0.0259 -0.0280 +0.0448 +0.2432 -0.2439 +0.0379 -0.1061 -0.1227 -0.2995 +0.3453 -0.1836 +0.0237 +0.0398 -0.0147 +0.0052 +0.0513 +0.3425 -0.7251 +1.0227 +0.3119 +0.1785 -0.0494 +0.0154 -0.3023 +0.6890 +1.1269 -0.2285 +0.2387 -0.0327 +0.0000 +0.0000 +0.0000 +0.0000 +0.0000 +0.0000

Joint Velocities (dq) [35]:
  +0.1843 -0.5675 +0.2069 -0.2256 +0.0415 +0.1375 -0.8416 -0.7946 +0.4087 +1.8588 -0.8968 +0.2374 -0.0172 -0.5596 -0.1661 +0.1735 +0.0076 +0.1465 +0.2470 +0.0956 +0.0504 +0.0117 -0.1403 +0.0676 -0.2818 -0.1365 -0.3460 -0.1269 -0.0621 +0.0000 +0.0000 +0.0000 +0.0000 +0.0000 +0.0000

Joint Torques (tau) [35]:
  -10.3195 +1.2671 +2.0694 -10.9930 -0.0306 +0.5485 +9.5701 +1.4048 -1.2765 +6.9522 +8.9173 +0.2820 -0.9562 -4.5593 -1.2600 -2.5362 +0.6411 +0.9580 -0.1069 -0.3436 +0.4920 +0.4000 -3.5150 -1.7866 -0.8627 -1.3170 +0.0484 -0.2143 -0.3719 +0.0000 +0.0000 +0.0000 +0.0000 +0.0000 +0.0000
