Step: 6418
Timestamp: 1779742576.3698883

Joint Positions (q) [35]:
  -0.0499 +0.0316 +0.1998 +0.2594 -0.1994 +0.0116 +0.0632 -0.0570 -0.3530 +0.1881 -0.2193 +0.0323 +0.0220 +0.0120 +0.0050 +0.0107 +0.3110 -0.7000 +1.0955 +0.2655 +0.2166 -0.0236 +0.0388 -0.2880 +0.7061 +1.1400 -0.2591 +0.2263 -0.1004 +0.0000 +0.0000 +0.0000 +0.0000 +0.0000 +0.0000

Joint Velocities (dq) [35]:
  -0.0020 +0.0209 +0.0357 -0.0226 -0.0231 -0.0138 -0.0339 +0.0187 +0.0275 -0.0346 +0.2110 -0.0080 -0.0197 -0.0014 +0.0016 -0.0199 -0.0273 +0.0297 +0.0727 -0.0307 +0.0181 +0.1576 +0.0154 -0.0063 -0.0334 -0.0315 +0.0156 +0.0041 -0.0957 +0.0000 +0.0000 +0.0000 +0.0000 +0.0000 +0.0000

Joint Torques (tau) [35]:
  +2.7741 +7.8590 -3.9585 -0.9271 +10.9601 +0.3776 -0.9746 -4.1579 +0.8361 +4.7695 +15.7539 +0.6227 -0.1490 -0.6414 -3.3375 -2.1436 +0.4062 +0.6214 -1.4543 -0.2834 -0.3586 +0.2730 -1.4811 -0.3801 -0.3694 -1.1027 +0.1574 -0.2539 -0.2530 +0.0000 +0.0000 +0.0000 +0.0000 +0.0000 +0.0000
