Step: 9030
Timestamp: 1779742866.5280836

Joint Positions (q) [35]:
  +0.1027 +0.0164 +0.1316 +0.1842 -0.2502 +0.0306 +0.0653 -0.0658 -0.2680 +0.2178 -0.1686 +0.0442 +0.0235 -0.0121 +0.0065 +0.0310 +0.3064 -0.6803 +1.1293 +0.2450 +0.2091 -0.0216 +0.0339 -0.2653 +0.7054 +1.1857 -0.2482 +0.2092 +0.0453 +0.0000 +0.0000 +0.0000 +0.0000 +0.0000 +0.0000

Joint Velocities (dq) [35]:
  +0.1238 -0.0645 -0.0090 +0.0294 -0.1093 -0.0030 +0.1129 -0.0601 +0.0877 +0.0036 -0.1469 +0.0364 -0.0501 -0.0078 +0.0775 -0.0933 +0.0224 -0.1538 +0.0994 -0.2054 +0.0337 -0.0578 -0.0676 -0.0224 +0.0427 +0.0967 +0.2976 -0.0306 +0.0973 +0.0000 +0.0000 +0.0000 +0.0000 +0.0000 +0.0000

Joint Torques (tau) [35]:
  -2.2330 +9.3561 -2.9757 +1.5310 +21.4439 -1.0428 +1.8322 +2.2025 -0.0584 +6.9362 +14.4364 -0.0788 -0.2596 +0.9977 -1.2550 -1.6569 +0.9359 +0.3741 -0.8736 -0.0803 -0.1161 +0.1026 -1.1527 -2.1301 -0.3664 -0.3094 +0.0199 +0.0803 -0.0787 +0.0000 +0.0000 +0.0000 +0.0000 +0.0000 +0.0000
