Step: 286
Timestamp: 1779741893.5608597

Joint Positions (q) [35]:
  +0.0132 -0.0028 +0.1115 +0.2219 -0.1938 +0.0177 +0.1342 -0.1289 -0.3471 +0.1957 -0.2044 +0.0978 +0.0603 -0.0547 +0.0006 -0.0105 +0.3444 -0.5666 +1.0496 +0.3831 +0.1481 +0.1489 -0.0118 -0.2857 +0.6039 +1.1433 -0.2837 +0.1756 -0.1800 +0.0000 +0.0000 +0.0000 +0.0000 +0.0000 +0.0000

Joint Velocities (dq) [35]:
  -0.0484 +0.1777 +0.0363 +0.0229 -0.0415 -0.0883 +0.1326 +0.2404 -0.1642 -0.5119 +0.2998 -0.0696 -0.2604 +0.0786 +0.1035 +0.0454 -0.2749 -0.0714 +0.7339 +0.0349 +0.3963 -0.1974 +0.0222 +0.0859 +0.0998 +0.0822 -0.4386 +0.0415 -0.0540 +0.0000 +0.0000 +0.0000 +0.0000 +0.0000 +0.0000

Joint Torques (tau) [35]:
  -0.6077 -1.0237 -1.5224 -2.7851 +9.1874 -0.5388 -0.9459 +10.1903 -1.4481 +8.0057 +15.9192 +1.0818 +0.3236 +0.8269 +0.4686 +0.8492 -0.3673 -0.3650 -0.6847 -0.1483 -0.3249 -0.2301 -0.3523 -1.2131 -0.1339 -0.4042 +0.0221 -0.0230 -0.0584 +0.0000 +0.0000 +0.0000 +0.0000 +0.0000 +0.0000
