Step: 8335
Timestamp: 1779742789.5824125

Joint Positions (q) [35]:
  -0.0049 +0.0055 +0.1575 +0.2063 -0.1671 +0.0138 +0.1158 -0.0915 -0.3895 +0.1839 -0.2150 +0.0742 +0.0286 -0.0018 +0.0084 +0.0349 +0.3174 -0.6827 +1.0706 +0.3064 +0.1941 -0.0324 +0.0336 -0.2821 +0.6902 +1.1502 -0.2944 +0.2155 -0.0474 +0.0000 +0.0000 +0.0000 +0.0000 +0.0000 +0.0000

Joint Velocities (dq) [35]:
  -0.0758 -0.0195 +0.0754 -0.0700 +0.0170 +0.0047 -0.0921 -0.0076 +0.0311 -0.1028 -0.0132 -0.0339 -0.0018 +0.0254 +0.0125 -0.0124 -0.0104 +0.0037 -0.0422 +0.0381 +0.0737 +0.0156 -0.0087 -0.0332 -0.0033 -0.0505 +0.1029 +0.0898 +0.0099 +0.0000 +0.0000 +0.0000 +0.0000 +0.0000 +0.0000

Joint Torques (tau) [35]:
  +0.3920 +4.7533 -3.0323 -1.9657 +8.2138 -0.2201 +0.3571 +1.2559 +0.1775 +7.8487 +17.3249 +0.7639 -0.1633 -0.4352 -2.6056 -1.8098 +1.0296 +0.5263 -1.1853 -0.1605 -0.2007 +0.1922 -1.2627 -1.0682 -0.3018 -0.7466 +0.0483 -0.0606 -0.2125 +0.0000 +0.0000 +0.0000 +0.0000 +0.0000 +0.0000
