Step: 884
Timestamp: 1779741959.9826822

Joint Positions (q) [35]:
  +0.0876 +0.0829 +0.1842 +0.1760 -0.2387 -0.0326 -0.0346 -0.0743 -0.3428 +0.2140 -0.1229 +0.0425 +0.0177 +0.0055 +0.0079 +0.0090 +0.3220 -0.7408 +1.1026 +0.2556 +0.1968 -0.0645 +0.0240 -0.2867 +0.7434 +1.1509 -0.2600 +0.2054 +0.0041 +0.0000 +0.0000 +0.0000 +0.0000 +0.0000 +0.0000

Joint Velocities (dq) [35]:
  -0.0352 +0.0097 -0.0047 -0.0033 -0.0043 -0.0078 -0.0451 +0.0040 -0.0074 -0.0080 +0.1971 -0.0102 +0.0010 +0.0019 -0.0176 -0.0155 -0.0082 -0.0588 -0.0054 +0.0452 +0.0047 +0.0606 +0.0249 -0.0250 +0.0444 -0.0639 +0.0356 +0.0202 -0.0524 +0.0000 +0.0000 +0.0000 +0.0000 +0.0000 +0.0000

Joint Torques (tau) [35]:
  -7.1166 -2.7161 -0.8500 -3.1351 +11.0065 -0.8503 +9.7365 +7.6892 -0.9242 +11.9987 +18.0324 +0.2430 +0.0744 +0.5979 -2.8721 -1.4776 +0.8976 +0.4136 -0.9202 -0.1162 -0.1594 +0.1540 -1.5062 -1.3309 -0.4291 -0.7531 +0.0921 -0.0960 -0.1545 +0.0000 +0.0000 +0.0000 +0.0000 +0.0000 +0.0000
