Step: 11391
Timestamp: 1779743129.5123315

Joint Positions (q) [35]:
  +0.1028 +0.0580 +0.2109 +0.1679 -0.2609 -0.0173 -0.0781 -0.0451 -0.3346 +0.2180 -0.1214 -0.0093 -0.0076 +0.0283 +0.0106 -0.0280 +0.2793 -0.6448 +1.1601 +0.3437 +0.2192 +0.0076 +0.0250 -0.2537 +0.6579 +1.1892 -0.3319 +0.2076 -0.0674 +0.0000 +0.0000 +0.0000 +0.0000 +0.0000 +0.0000

Joint Velocities (dq) [35]:
  +0.1255 +0.0093 -0.0373 -0.0865 +0.0501 -0.0157 +0.1042 +0.0068 -0.0541 -0.0066 +0.0292 -0.0079 +0.0623 +0.0624 +0.0158 -0.1017 -0.0998 -0.2715 +0.1021 -0.0236 +0.1195 -0.0075 -0.1289 +0.0232 +0.3254 +0.1610 +0.0067 +0.0737 +0.0426 +0.0000 +0.0000 +0.0000 +0.0000 +0.0000 +0.0000

Joint Torques (tau) [35]:
  -7.8747 +9.4973 -2.8806 -2.9630 +12.6259 +0.3301 +12.8233 -1.4638 +2.5666 +12.1137 +21.1650 -0.1461 +0.4386 +0.0944 -4.3308 -1.1318 +0.6216 +0.2581 -0.9040 -0.1664 -0.1677 +0.0147 -1.6954 -0.5265 -0.3659 -1.0201 +0.1811 -0.1873 -0.2376 +0.0000 +0.0000 +0.0000 +0.0000 +0.0000 +0.0000
