Step: 1439
Timestamp: 1779742022.0142379

Joint Positions (q) [35]:
  +0.0675 +0.0732 +0.1545 +0.2000 -0.2339 -0.0297 -0.0042 -0.0762 -0.3630 +0.2033 -0.1459 +0.0291 +0.0027 +0.0261 +0.0069 +0.0229 +0.3294 -0.7278 +1.0977 +0.2074 +0.1840 -0.1168 +0.0349 -0.2893 +0.6691 +1.1608 -0.2948 +0.1823 +0.0138 +0.0000 +0.0000 +0.0000 +0.0000 +0.0000 +0.0000

Joint Velocities (dq) [35]:
  +0.0049 +0.0169 +0.0404 +0.0081 -0.0742 -0.0080 -0.0292 +0.0074 +0.0347 +0.0169 +0.1122 +0.0605 +0.0479 +0.0312 +0.0602 +0.0121 +0.0551 +0.1535 -0.2600 +0.3357 -0.0159 -0.1015 +0.0938 -0.1073 +0.0122 -0.2024 +0.1556 +0.0117 +0.0279 +0.0000 +0.0000 +0.0000 +0.0000 +0.0000 +0.0000

Joint Torques (tau) [35]:
  -3.8009 -0.9001 -1.3746 -1.7957 +12.0441 -0.7701 +5.0259 +5.0921 -0.0275 +7.6566 +14.8263 +0.3791 -0.3716 -0.0100 -2.1615 -1.5530 +1.5998 +0.4363 -0.8158 -0.0613 -0.1343 +0.0920 -0.9873 -1.3330 -0.2882 -0.6086 +0.0849 -0.0707 -0.0644 +0.0000 +0.0000 +0.0000 +0.0000 +0.0000 +0.0000
