Step: 6471
Timestamp: 1779742582.2874196

Joint Positions (q) [35]:
  -0.0475 +0.0128 +0.1661 +0.2571 -0.1900 +0.0203 +0.0866 -0.0687 -0.3933 +0.1785 -0.2250 +0.0302 +0.0121 +0.0106 +0.0042 -0.0071 +0.3002 -0.6884 +1.1108 +0.3105 +0.2190 +0.0131 +0.0291 -0.2853 +0.6835 +1.1467 -0.2925 +0.2178 -0.1262 +0.0000 +0.0000 +0.0000 +0.0000 +0.0000 +0.0000

Joint Velocities (dq) [35]:
  +0.0017 -0.0366 -0.1389 -0.0638 -0.0024 -0.0379 +0.0300 -0.0137 -0.1403 -0.0142 +0.0726 +0.0111 -0.0575 -0.0264 -0.0218 +0.0065 +0.0170 -0.0482 -0.0953 +0.2020 +0.0488 -0.1398 -0.0178 +0.0365 -0.0200 -0.0150 -0.1153 +0.0650 +0.0853 +0.0000 +0.0000 +0.0000 +0.0000 +0.0000 +0.0000

Joint Torques (tau) [35]:
  +3.7890 +9.6313 -4.8762 -0.1324 +11.2391 +0.4178 -4.0552 -6.7650 +1.5782 +2.0120 +14.3851 +0.4719 -0.2891 -0.4659 -1.7665 -1.6603 +0.8854 +0.4218 -1.0308 -0.2130 -0.2071 +0.0144 -1.0119 -0.4581 -0.2682 -0.8914 +0.1907 -0.2003 -0.0469 +0.0000 +0.0000 +0.0000 +0.0000 +0.0000 +0.0000
