Step: 3028
Timestamp: 1779742198.5241668

Joint Positions (q) [35]:
  +0.0364 +0.0341 +0.1827 +0.1877 -0.2192 +0.0170 +0.0573 -0.0764 -0.3241 +0.1803 -0.1542 +0.0464 +0.0175 +0.0235 +0.0065 -0.0189 +0.3102 -0.7383 +1.0857 +0.3269 +0.2210 -0.0754 +0.0188 -0.2854 +0.7116 +1.1627 -0.2600 +0.2380 -0.0987 +0.0000 +0.0000 +0.0000 +0.0000 +0.0000 +0.0000

Joint Velocities (dq) [35]:
  -0.0216 +0.0257 +0.0622 +0.0482 -0.0529 -0.0209 -0.0679 +0.0148 +0.1152 +0.0424 +0.1231 +0.0061 -0.0095 +0.0162 -0.0398 +0.0222 -0.0202 +0.1239 +0.0202 +0.1169 -0.0198 -0.0049 +0.0438 +0.0428 -0.0736 +0.0127 -0.1111 +0.0149 -0.0176 +0.0000 +0.0000 +0.0000 +0.0000 +0.0000 +0.0000

Joint Torques (tau) [35]:
  +2.0989 +8.8647 -3.3499 +1.8725 +16.6353 -0.2413 +0.2523 +1.2159 -0.2716 +7.0392 +15.1286 +0.2726 -0.3829 -0.2062 -3.4898 -2.1808 +0.3811 +0.6299 -1.3359 -0.2723 -0.2513 +0.2646 -1.0554 -0.3430 -0.2530 -0.8956 +0.1687 -0.1842 -0.0732 +0.0000 +0.0000 +0.0000 +0.0000 +0.0000 +0.0000
