Step: 13390
Timestamp: 1779743352.5946453

Joint Positions (q) [35]:
  +0.0472 +0.0553 +0.1511 +0.2138 -0.2391 -0.0138 -0.0322 -0.0677 -0.2855 +0.2644 -0.2031 +0.0106 +0.0183 +0.0241 +0.0083 +0.0002 +0.2868 -0.7153 +1.1529 +0.2311 +0.2256 -0.0266 +0.0128 -0.2698 +0.7118 +1.1954 -0.2676 +0.2186 -0.0426 +0.0000 +0.0000 +0.0000 +0.0000 +0.0000 +0.0000

Joint Velocities (dq) [35]:
  +0.0828 -0.0087 +0.1855 -0.0577 -0.0358 +0.0141 -0.1585 -0.0266 +0.1876 +0.2657 -0.0320 -0.0034 +0.0636 +0.0935 +0.0199 +0.0781 -0.0224 +0.1533 -0.0389 -0.0993 -0.0084 +0.0552 -0.0122 -0.0217 -0.2095 -0.0143 -0.3099 -0.0465 -0.0968 +0.0000 +0.0000 +0.0000 +0.0000 +0.0000 +0.0000

Joint Torques (tau) [35]:
  -2.9560 +0.5868 -0.8998 -1.0933 +14.1125 -0.5717 +5.4547 +4.7502 -0.1232 +7.5062 +21.5380 +0.3498 -0.1357 +0.8276 -3.6002 -1.9282 +1.1081 +0.5104 -1.1482 -0.1006 -0.2542 +0.2580 -1.6211 -0.8226 -0.4271 -0.9855 +0.1252 -0.1849 -0.2261 +0.0000 +0.0000 +0.0000 +0.0000 +0.0000 +0.0000
