Step: 7286
Timestamp: 1779742673.3266575

Joint Positions (q) [35]:
  -0.1320 +0.0032 +0.1995 +0.2951 -0.1447 +0.0399 +0.1218 -0.0596 -0.3487 +0.1802 -0.2688 +0.0246 +0.0340 +0.0103 +0.0028 -0.0078 +0.3036 -0.6801 +1.1031 +0.2736 +0.2227 +0.0457 +0.0421 -0.2936 +0.6873 +1.1387 -0.2614 +0.2200 -0.1628 +0.0000 +0.0000 +0.0000 +0.0000 +0.0000 +0.0000

Joint Velocities (dq) [35]:
  -0.0040 +0.0030 -0.0422 +0.0085 -0.0582 -0.0267 +0.0164 +0.0126 -0.0413 -0.0332 +0.1253 +0.0205 -0.0442 +0.0215 +0.0020 +0.0213 -0.0100 +0.0164 -0.0004 +0.0273 -0.0125 +0.0596 -0.0062 -0.0095 +0.0169 -0.0117 +0.0113 -0.0066 -0.0690 +0.0000 +0.0000 +0.0000 +0.0000 +0.0000 +0.0000

Joint Torques (tau) [35]:
  +10.2734 +6.2701 -4.6992 +2.0971 +10.0092 +0.1019 -10.3901 -3.0443 -0.2209 -1.0676 +12.3248 +1.0448 +0.0910 -0.6870 -2.8605 -1.9748 +0.4319 +0.5546 -1.3659 -0.2833 -0.3513 +0.2441 -1.6429 -0.2669 -0.3099 -1.2033 +0.1240 -0.3037 -0.2587 +0.0000 +0.0000 +0.0000 +0.0000 +0.0000 +0.0000
