Step: 12774
Timestamp: 1779743283.9951947

Joint Positions (q) [35]:
  +0.0727 +0.0512 +0.1466 +0.1862 -0.2223 -0.0134 -0.0005 -0.0713 -0.3368 +0.2323 -0.1844 +0.0107 +0.0277 +0.0072 +0.0042 +0.0184 +0.3158 -0.7220 +1.1034 +0.2509 +0.2000 -0.0363 +0.0321 -0.2884 +0.7415 +1.1586 -0.2376 +0.1988 -0.0202 +0.0000 +0.0000 +0.0000 +0.0000 +0.0000 +0.0000

Joint Velocities (dq) [35]:
  -0.0154 +0.0309 +0.0478 +0.0527 -0.1065 +0.0191 +0.0194 +0.0444 +0.0399 -0.0894 +0.0794 -0.0020 -0.0287 +0.0710 -0.0445 +0.0132 -0.0413 -0.0728 -0.0220 -0.0594 +0.1427 -0.0466 +0.0439 -0.0290 +0.0259 -0.1084 -0.0867 +0.0939 -0.0400 +0.0000 +0.0000 +0.0000 +0.0000 +0.0000 +0.0000

Joint Torques (tau) [35]:
  -2.5011 +1.6498 -0.5480 -0.9426 +10.5473 -0.5548 +2.0723 +0.3909 -0.4348 +3.2211 +17.3609 +0.7019 -0.4615 -0.1440 -1.6017 -1.9646 +1.3402 +0.3190 -0.9910 +0.0038 -0.2120 +0.0805 -1.3308 -1.0670 -0.2612 -0.7222 +0.0093 -0.0589 -0.1245 +0.0000 +0.0000 +0.0000 +0.0000 +0.0000 +0.0000
