Step: 10320
Timestamp: 1779743010.1787436

Joint Positions (q) [35]:
  +0.1011 +0.0549 +0.1352 +0.1810 -0.2841 -0.0020 -0.1340 -0.0400 -0.3166 +0.1924 -0.0500 -0.0144 -0.0123 +0.0284 +0.0130 -0.0175 +0.3191 -0.7202 +1.0920 +0.2689 +0.1860 -0.0746 +0.0296 -0.2994 +0.7261 +1.1449 -0.2086 +0.1830 -0.0442 +0.0000 +0.0000 +0.0000 +0.0000 +0.0000 +0.0000

Joint Velocities (dq) [35]:
  -0.0589 -0.0181 -0.0871 +0.0517 -0.0309 +0.0380 -0.0026 -0.0410 -0.0722 +0.0061 +0.0434 +0.0205 -0.0265 +0.0975 +0.0012 -0.0354 +0.0298 +0.0462 -0.0483 -0.0451 -0.0410 -0.1484 +0.0402 -0.1514 -0.0154 -0.1224 +0.2189 -0.0324 +0.1967 +0.0000 +0.0000 +0.0000 +0.0000 +0.0000 +0.0000

Joint Torques (tau) [35]:
  -17.2007 -0.3105 +0.3713 -8.2563 +12.8517 -0.5838 +21.8970 +6.9861 -0.4625 +17.1832 +22.2002 +0.3281 +0.1331 +0.8189 -3.4965 -1.4639 +1.5556 +0.4290 -0.7788 +0.0655 -0.0283 +0.2173 -1.0689 -1.5262 -0.3164 -0.6013 -0.0229 -0.0462 -0.1424 +0.0000 +0.0000 +0.0000 +0.0000 +0.0000 +0.0000
