Step: 3655
Timestamp: 1779742268.5525918

Joint Positions (q) [35]:
  +0.1126 +0.0430 +0.1918 +0.1864 -0.2604 +0.0183 +0.0291 -0.0742 -0.2790 +0.2052 -0.1352 +0.0282 -0.0372 -0.0216 +0.0047 +0.0228 +0.3207 -0.6886 +1.1104 +0.3058 +0.2099 +0.0299 +0.0001 -0.2899 +0.6397 +1.1336 -0.3010 +0.1693 -0.1963 +0.0000 +0.0000 +0.0000 +0.0000 +0.0000 +0.0000

Joint Velocities (dq) [35]:
  +0.0338 +0.0575 +0.0566 -0.0491 -0.0279 -0.0477 +0.0336 +0.0759 +0.0004 -0.1374 +0.1802 +0.0012 -0.0276 +0.0914 +0.0319 +0.0004 -0.0067 -0.0644 -0.0656 +0.0106 +0.0110 +0.0613 -0.0222 -0.0308 +0.0118 -0.0193 -0.0840 -0.0232 -0.0304 +0.0000 +0.0000 +0.0000 +0.0000 +0.0000 +0.0000

Joint Torques (tau) [35]:
  -3.2547 +7.4920 -2.8501 -0.0446 +19.5539 -0.9604 +2.6489 +1.1697 -0.4718 +6.7524 +14.1716 +0.3146 -0.1268 +5.0692 -0.5138 -2.2544 +0.5394 +0.5401 -1.3616 -0.1579 -0.2816 +0.2914 +0.2561 -0.6131 +0.2288 +0.6045 +0.1804 +0.3584 +1.1095 +0.0000 +0.0000 +0.0000 +0.0000 +0.0000 +0.0000
