Step: 452
Timestamp: 1779741912.1171234

Joint Positions (q) [35]:
  +0.0689 +0.0850 +0.1756 +0.1764 -0.2319 -0.0383 -0.0699 -0.0758 -0.2995 +0.2178 -0.1110 +0.0441 +0.0045 +0.0243 +0.0102 -0.0181 +0.2876 -0.6906 +1.1658 +0.2616 +0.2187 +0.0272 +0.0154 -0.2709 +0.6818 +1.1786 -0.2807 +0.2254 -0.0690 +0.0000 +0.0000 +0.0000 +0.0000 +0.0000 +0.0000

Joint Velocities (dq) [35]:
  -0.0202 +0.0342 -0.0828 -0.0392 +0.0156 -0.0624 +0.0142 +0.0309 -0.0493 -0.0922 +0.2659 -0.0178 +0.0230 -0.0896 +0.0475 -0.0772 +0.0542 -0.0876 +0.0939 -0.1133 -0.0468 -0.1931 +0.0393 -0.0234 -0.0234 -0.1060 +0.0579 -0.0251 +0.0890 +0.0000 +0.0000 +0.0000 +0.0000 +0.0000 +0.0000

Joint Torques (tau) [35]:
  -8.0089 -4.9254 +0.4198 -4.4227 +9.1776 -1.0080 +14.0976 +10.5765 -1.0531 +12.8133 +17.9850 +0.4849 +0.1152 +0.4030 -4.3393 -1.6414 +1.1544 +0.3192 -0.6659 -0.0767 -0.1134 +0.1134 -1.3752 -1.0567 -0.3130 -0.8420 +0.0664 -0.1369 -0.0462 +0.0000 +0.0000 +0.0000 +0.0000 +0.0000 +0.0000
