Step: 7950
Timestamp: 1779742746.678957

Joint Positions (q) [35]:
  +0.0172 +0.0455 +0.1672 +0.1962 -0.2090 -0.0048 +0.0238 -0.0829 -0.3457 +0.2019 -0.1634 +0.0700 +0.0145 +0.0035 +0.0095 +0.0023 +0.3089 -0.7090 +1.1271 +0.2379 +0.2185 -0.0133 +0.0048 -0.2776 +0.7051 +1.1717 -0.2594 +0.2385 -0.0608 +0.0000 +0.0000 +0.0000 +0.0000 +0.0000 +0.0000

Joint Velocities (dq) [35]:
  -0.1555 -0.0933 -0.1535 +0.1092 -0.0659 +0.0487 -0.0296 -0.0810 +0.0740 -0.0215 +0.0216 +0.1130 -0.1337 -0.0522 +0.0682 +0.0428 +0.0381 -0.0687 -0.1806 +0.1782 +0.0585 +0.0339 -0.1750 -0.0049 -0.0479 -0.0345 -0.1532 +0.0697 +0.1270 +0.0000 +0.0000 +0.0000 +0.0000 +0.0000 +0.0000

Joint Torques (tau) [35]:
  -6.3712 +2.0339 -0.8119 -4.2145 +9.8800 -0.2706 +10.5226 +3.8416 +0.1685 +12.1045 +18.2535 +0.1032 +1.0661 -0.3656 -3.9161 -0.8985 +0.9420 +0.4001 -0.8531 -0.1839 -0.1593 +0.1551 -2.2064 -1.0395 -0.5255 -1.1430 +0.1630 -0.2093 -0.2538 +0.0000 +0.0000 +0.0000 +0.0000 +0.0000 +0.0000
