Step: 13032
Timestamp: 1779743312.8827274

Joint Positions (q) [35]:
  +0.0498 +0.0505 +0.1435 +0.2089 -0.2288 -0.0140 -0.0241 -0.0782 -0.3376 +0.2600 -0.1944 +0.0084 +0.0149 +0.0058 +0.0078 -0.0149 +0.3039 -0.7461 +1.1583 +0.2204 +0.2068 -0.0485 +0.0011 -0.2977 +0.7441 +1.1517 -0.2629 +0.1915 -0.0640 +0.0000 +0.0000 +0.0000 +0.0000 +0.0000 +0.0000

Joint Velocities (dq) [35]:
  -0.0476 +0.0198 +0.0507 +0.0117 -0.0412 +0.0212 -0.0570 +0.0273 +0.0404 -0.0425 +0.1330 -0.0020 +0.0313 +0.0648 +0.0268 -0.0671 -0.0251 -0.0550 +0.1214 -0.1637 -0.0713 +0.0517 -0.0572 -0.1148 +0.1262 -0.0121 +0.1801 -0.1225 -0.0156 +0.0000 +0.0000 +0.0000 +0.0000 +0.0000 +0.0000

Joint Torques (tau) [35]:
  -5.1336 +3.2416 -2.3741 -4.5032 +8.6834 -0.3385 +5.6728 +0.5903 +0.9232 +6.6616 +19.9418 +0.4789 +0.3180 +2.2159 -1.9433 -1.6280 +1.1668 +0.4572 -0.8285 -0.1297 -0.1006 +0.1674 -1.3137 -0.9085 -0.4354 -0.2606 +0.2521 +0.2578 +0.1641 +0.0000 +0.0000 +0.0000 +0.0000 +0.0000 +0.0000
