Step: 9555
Timestamp: 1779742924.6049569

Joint Positions (q) [35]:
  -0.0150 +0.0076 +0.1601 +0.2231 -0.1930 +0.0213 +0.0314 -0.0723 -0.3234 +0.2123 -0.2065 +0.0153 +0.0311 -0.0278 +0.0076 +0.0226 +0.3396 -0.6932 +1.0819 +0.2409 +0.2071 -0.0719 +0.0201 -0.2769 +0.7153 +1.1558 -0.2454 +0.2193 -0.0438 +0.0000 +0.0000 +0.0000 +0.0000 +0.0000 +0.0000

Joint Velocities (dq) [35]:
  -0.0385 -0.0934 -0.0750 -0.1835 +0.0777 +0.0192 -0.0884 -0.0747 -0.0745 -0.0140 +0.0838 +0.0386 -0.0173 -0.1536 +0.0676 -0.0711 -0.0490 +0.2016 +0.2292 +0.0987 -0.0205 +0.0486 -0.0886 +0.1366 -0.2414 +0.1971 -0.1700 -0.1150 +0.0431 +0.0000 +0.0000 +0.0000 +0.0000 +0.0000 +0.0000

Joint Torques (tau) [35]:
  +0.9806 +8.1265 -2.5415 -0.5165 +12.5808 -0.2430 +0.4324 -2.9351 +0.3359 +3.0364 +11.4990 +0.4328 +0.5134 +0.4049 -2.7173 -1.1468 +0.8365 +0.3861 -0.8572 -0.1027 -0.1402 +0.1191 -1.4932 -1.4720 -0.3570 -0.6276 -0.0235 -0.0264 -0.1732 +0.0000 +0.0000 +0.0000 +0.0000 +0.0000 +0.0000
