Step: 15024
Timestamp: 1779743534.9022133

Joint Positions (q) [35]:
  +0.0579 +0.0244 +0.0729 +0.1831 -0.2213 +0.0224 +0.0146 -0.0724 -0.3444 +0.1959 -0.1266 +0.0219 +0.0217 +0.0134 +0.0076 +0.0179 +0.3027 -0.7063 +1.0783 +0.3323 +0.2366 -0.1021 +0.0191 -0.2627 +0.6944 +1.1768 -0.3002 +0.2514 -0.0359 +0.0000 +0.0000 +0.0000 +0.0000 +0.0000 +0.0000

Joint Velocities (dq) [35]:
  -0.1276 +0.0190 -0.0339 +0.0818 -0.0657 +0.0249 -0.0774 +0.0176 -0.0500 -0.0719 -0.0358 -0.0071 -0.0700 -0.0200 +0.0172 -0.0614 +0.1237 -0.1212 -0.1263 -0.0177 -0.0762 -0.0428 -0.0181 -0.0327 +0.0914 -0.0396 +0.1484 -0.0467 -0.0554 +0.0000 +0.0000 +0.0000 +0.0000 +0.0000 +0.0000

Joint Torques (tau) [35]:
  -4.7785 +7.3645 -1.1063 -2.7185 +12.3099 -0.7705 +6.6965 +1.0912 -0.5452 +9.8166 +16.2709 +0.3446 -0.4585 +0.7568 -2.6815 -2.1771 +1.1824 +0.5678 -1.1390 -0.0844 -0.1298 +0.1743 -0.9290 -0.6236 -0.2220 -0.7169 +0.1505 -0.0767 +0.0473 +0.0000 +0.0000 +0.0000 +0.0000 +0.0000 +0.0000
