Step: 6553
Timestamp: 1779742591.4752896

Joint Positions (q) [35]:
  -0.0452 +0.0287 +0.2206 +0.2478 -0.1860 +0.0174 +0.0486 -0.0642 -0.3297 +0.2210 -0.2233 +0.0334 +0.0370 +0.0215 +0.0067 -0.0157 +0.2812 -0.6942 +1.1506 +0.2667 +0.2180 +0.0410 +0.0058 -0.2729 +0.7001 +1.2033 -0.2797 +0.2104 -0.1259 +0.0000 +0.0000 +0.0000 +0.0000 +0.0000 +0.0000

Joint Velocities (dq) [35]:
  +0.0370 +0.0775 +0.0272 +0.0574 -0.0451 -0.0443 -0.0366 +0.0405 +0.1003 +0.1914 +0.1450 -0.0394 +0.1005 +0.1975 +0.0868 -0.0441 -0.0943 -0.0253 -0.0307 +0.0917 -0.0153 +0.0144 -0.0838 -0.1136 +0.1096 -0.0250 -0.0917 -0.0197 -0.0013 +0.0000 +0.0000 +0.0000 +0.0000 +0.0000 +0.0000

Joint Torques (tau) [35]:
  +3.5112 +11.9998 -6.2231 -1.6861 +10.2551 +0.4986 -1.2094 -6.2661 +1.1526 +5.2179 +16.7803 -0.2236 +0.4679 +0.0138 -3.2554 -1.0647 +0.5125 +0.3723 -0.9788 -0.3059 -0.2479 -0.1228 -1.6465 -0.9025 -0.3934 -0.8663 +0.0943 -0.1528 -0.2918 +0.0000 +0.0000 +0.0000 +0.0000 +0.0000 +0.0000
