Step: 10981
Timestamp: 1779743083.910083

Joint Positions (q) [35]:
  +0.1035 +0.0699 +0.1884 +0.1886 -0.2756 -0.0305 -0.0771 -0.0305 -0.2418 +0.2500 -0.1543 -0.0005 -0.0088 +0.0197 +0.0046 -0.0182 +0.3205 -0.6659 +1.1212 +0.2970 +0.2110 -0.0015 +0.0432 -0.2656 +0.6825 +1.1657 -0.2743 +0.2101 -0.0237 +0.0000 +0.0000 +0.0000 +0.0000 +0.0000 +0.0000

Joint Velocities (dq) [35]:
  +0.0287 -0.0144 -0.0013 -0.0369 +0.0279 +0.0145 +0.0113 -0.0126 -0.0037 -0.0036 +0.0746 +0.0127 -0.0129 +0.0402 -0.0222 +0.0010 -0.0154 +0.4794 -0.1095 -0.2792 +0.0834 +0.2712 +0.0440 -0.0264 -0.1204 -0.0210 +0.0263 -0.0172 -0.0188 +0.0000 +0.0000 +0.0000 +0.0000 +0.0000 +0.0000

Joint Torques (tau) [35]:
  -7.5015 -0.4658 -0.6085 -2.8031 +12.2267 +0.0274 +9.9022 +3.1487 -1.3739 +10.3270 +23.8761 +0.2920 +0.0840 -0.3173 -2.6748 -1.4790 -0.8482 -0.1062 -1.5327 +0.0116 -0.4229 +0.0181 -1.6495 -0.6808 -0.3062 -0.9544 +0.0649 -0.1538 -0.1980 +0.0000 +0.0000 +0.0000 +0.0000 +0.0000 +0.0000
