Step: 10938
Timestamp: 1779743078.9755602

Joint Positions (q) [35]:
  +0.1326 +0.0700 +0.1651 +0.1729 -0.2579 -0.0344 -0.0401 -0.0321 -0.2648 +0.2410 -0.1520 -0.0071 +0.0063 +0.0171 +0.0042 +0.0326 +0.3121 -0.7076 +1.1020 +0.2783 +0.1877 -0.1188 +0.0658 -0.2923 +0.7072 +1.1171 -0.2982 +0.1761 +0.1150 +0.0000 +0.0000 +0.0000 +0.0000 +0.0000 +0.0000

Joint Velocities (dq) [35]:
  -0.0586 +0.0435 +0.0221 -0.0033 +0.0685 -0.0112 -0.0142 +0.0590 +0.0067 -0.1206 +0.1075 -0.0193 -0.0175 -0.0451 -0.0043 -0.0198 +0.0009 +0.0923 +0.0483 +0.0022 +0.0556 -0.1044 -0.0168 +0.1133 -0.1782 +0.0796 -0.3163 +0.0330 -0.0360 +0.0000 +0.0000 +0.0000 +0.0000 +0.0000 +0.0000

Joint Torques (tau) [35]:
  -2.5142 +1.3973 -2.5574 -1.7008 +8.0420 +0.0346 +1.9791 -0.9674 -0.5952 +4.2741 +19.7185 +0.4424 -0.0285 +0.5694 -1.5280 -1.7420 +1.3851 +0.4235 -0.8948 -0.0422 -0.1086 +0.1325 -1.3203 -1.2128 -0.3351 -0.8131 +0.1114 -0.1246 +0.0049 +0.0000 +0.0000 +0.0000 +0.0000 +0.0000 +0.0000
