Step: 1349
Timestamp: 1779742012.016077

Joint Positions (q) [35]:
  +0.0610 +0.0687 +0.1444 +0.1937 -0.2321 -0.0296 -0.0210 -0.0857 -0.3633 +0.2289 -0.1574 +0.0411 -0.0087 +0.0124 +0.0082 +0.0417 +0.3427 -0.7051 +1.0532 +0.2369 +0.2087 -0.1302 +0.0445 -0.2829 +0.6365 +1.1382 -0.2845 +0.2211 +0.0157 +0.0000 +0.0000 +0.0000 +0.0000 +0.0000 +0.0000

Joint Velocities (dq) [35]:
  -0.1470 +0.0108 -0.0546 +0.0988 -0.0529 -0.0041 -0.0646 +0.0106 -0.0184 -0.0783 +0.2667 +0.0119 -0.0208 +0.0376 -0.0443 -0.0528 -0.0511 -0.1235 +0.0800 -0.0004 +0.0242 +0.1146 -0.0134 -0.0437 +0.0750 -0.0403 +0.0686 +0.0775 +0.0461 +0.0000 +0.0000 +0.0000 +0.0000 +0.0000 +0.0000

Joint Torques (tau) [35]:
  -2.8409 -1.9812 -0.0104 -1.2724 +10.3851 -0.5759 +4.8658 +4.4945 -1.7712 +8.3787 +16.6462 +0.2715 +0.0697 +0.6979 -2.9390 -1.5035 +1.2303 +0.5324 -0.9748 -0.1291 -0.1587 +0.1661 -1.4372 -1.2399 -0.3893 -0.8100 +0.0678 -0.0994 -0.1666 +0.0000 +0.0000 +0.0000 +0.0000 +0.0000 +0.0000
