Step: 11125
Timestamp: 1779743099.948639

Joint Positions (q) [35]:
  -0.0388 +0.0648 +0.1960 +0.2606 -0.2444 -0.0167 -0.1960 -0.0417 -0.2294 +0.2621 -0.0925 -0.0209 -0.0219 +0.1158 +0.0150 -0.0696 +0.2658 -0.6455 +1.1570 +0.2977 +0.1930 +0.0179 -0.0285 -0.3114 +0.6266 +1.1995 -0.3134 +0.1922 -0.0464 +0.0000 +0.0000 +0.0000 +0.0000 +0.0000 +0.0000

Joint Velocities (dq) [35]:
  +0.2029 +0.1019 +0.1238 +0.1617 -0.0886 -0.0270 +0.1618 +0.0945 +0.1225 +0.1274 -0.1365 -0.0550 -0.0303 -0.0828 +0.0026 +0.0446 +0.1198 -0.1107 -0.0921 -0.1247 -0.0573 -0.0541 +0.1087 +0.0351 -0.0702 -0.1197 -0.1299 -0.0416 -0.0682 +0.0000 +0.0000 +0.0000 +0.0000 +0.0000 +0.0000

Joint Torques (tau) [35]:
  -5.1288 -3.8025 +0.6283 -6.8684 +0.2681 +0.1352 +10.0286 +2.3907 -0.6635 +1.2301 +7.4652 +1.7000 +0.1223 -5.0588 -5.5106 -1.7339 +1.6595 +0.4507 -0.9818 -0.0466 -0.1941 +0.2029 -1.6366 -0.8390 -0.2704 -0.9167 +0.0636 -0.1735 -0.1607 +0.0000 +0.0000 +0.0000 +0.0000 +0.0000 +0.0000
