Step: 15535
Timestamp: 1779743591.7511368

Joint Positions (q) [35]:
  +0.0764 +0.0243 +0.0326 +0.1851 -0.2385 +0.0060 -0.0483 -0.0848 -0.3475 +0.2441 -0.1526 +0.0153 +0.0075 +0.0152 +0.0114 +0.0422 +0.3138 -0.6991 +1.0943 +0.2241 +0.2161 -0.0481 +0.0410 -0.2883 +0.6910 +1.1504 -0.2318 +0.2098 +0.0032 +0.0000 +0.0000 +0.0000 +0.0000 +0.0000 +0.0000

Joint Velocities (dq) [35]:
  -0.0976 -0.0263 -0.0117 +0.0183 -0.0552 +0.0291 -0.1335 -0.0426 -0.0030 +0.1121 -0.1154 -0.0110 +0.0300 +0.0110 -0.0456 +0.0358 +0.0203 -0.0778 -0.1378 +0.0466 +0.0537 +0.0573 +0.0338 -0.0364 +0.0329 -0.1007 +0.0104 +0.0782 +0.0145 +0.0000 +0.0000 +0.0000 +0.0000 +0.0000 +0.0000

Joint Torques (tau) [35]:
  -10.6373 -0.1374 +1.8720 -5.1302 +10.7552 -1.0394 +12.5104 +4.3067 +0.2176 +8.0121 +16.4686 +0.5881 -0.2765 +0.1665 -2.8505 -2.2147 +1.5500 +0.4521 -1.1842 +0.1054 -0.3182 +0.3621 -1.7563 -1.5667 -0.3556 -0.8639 -0.0632 -0.1507 -0.2709 +0.0000 +0.0000 +0.0000 +0.0000 +0.0000 +0.0000
