Step: 9369
Timestamp: 1779742904.107806

Joint Positions (q) [35]:
  +0.0005 +0.0090 +0.1094 +0.2591 -0.2400 +0.0169 +0.0619 -0.0732 -0.3672 +0.2069 -0.2202 +0.0243 +0.0314 -0.0046 +0.0081 +0.0204 +0.2965 -0.6630 +1.0924 +0.3579 +0.2251 -0.0767 +0.0368 -0.2759 +0.6866 +1.1618 -0.2445 +0.2363 -0.0138 +0.0000 +0.0000 +0.0000 +0.0000 +0.0000 +0.0000

Joint Velocities (dq) [35]:
  -0.0112 -0.0982 -0.0892 +0.3209 -0.2819 +0.0679 +0.0137 -0.1806 -0.1457 +0.3479 -0.1601 +0.1397 +0.0051 -0.1747 +0.0389 -0.0182 +0.0642 +0.1185 +0.0283 +0.0092 -0.0092 -0.0156 -0.0784 +0.0037 +0.0287 +0.0282 +0.1846 -0.0360 +0.1007 +0.0000 +0.0000 +0.0000 +0.0000 +0.0000 +0.0000

Joint Torques (tau) [35]:
  +1.0636 +7.2613 -3.3004 +0.6996 +12.8922 +0.5331 +0.7786 -9.4502 +2.6492 +2.6116 +14.0790 -0.0629 +0.2374 -0.8822 -3.3900 -1.8733 +0.4906 +0.4491 -1.2554 -0.1699 -0.2573 +0.2165 -1.8127 -0.6441 -0.3143 -1.0478 +0.0496 -0.1950 -0.1327 +0.0000 +0.0000 +0.0000 +0.0000 +0.0000 +0.0000
