Step: 6172
Timestamp: 1779742548.9222937

Joint Positions (q) [35]:
  -0.0064 +0.0101 +0.1465 +0.2120 -0.1793 +0.0113 +0.0663 -0.0665 -0.3299 +0.1921 -0.2163 +0.0241 +0.0236 +0.0083 +0.0042 +0.0070 +0.3113 -0.7270 +1.0993 +0.2996 +0.1916 -0.0753 +0.0317 -0.2931 +0.7114 +1.1424 -0.2932 +0.1957 -0.0153 +0.0000 +0.0000 +0.0000 +0.0000 +0.0000 +0.0000

Joint Velocities (dq) [35]:
  -0.0469 +0.0319 -0.0011 +0.0128 -0.0681 -0.0250 -0.0360 +0.0341 -0.0008 -0.0455 +0.1354 +0.0013 -0.0799 +0.0443 +0.0045 -0.0281 -0.0362 -0.0926 +0.0261 +0.0196 +0.0701 +0.0112 +0.0216 -0.0246 -0.0301 -0.0978 +0.0142 +0.1009 -0.0396 +0.0000 +0.0000 +0.0000 +0.0000 +0.0000 +0.0000

Joint Torques (tau) [35]:
  +5.1343 +8.4722 -3.3991 +1.5005 +10.4461 +0.1704 -4.9960 -5.2819 -0.5237 +2.1164 +14.7075 +0.5287 +0.0073 -0.3369 -2.3381 -1.7126 +1.1391 +0.4987 -0.9640 -0.1293 -0.1562 +0.1812 -1.2208 -0.7806 -0.2666 -0.7992 +0.0873 -0.1485 -0.0905 +0.0000 +0.0000 +0.0000 +0.0000 +0.0000 +0.0000
