Step: 9646
Timestamp: 1779742934.943715

Joint Positions (q) [35]:
  +0.0049 +0.0056 +0.1621 +0.2159 -0.2202 +0.0361 +0.0635 -0.0775 -0.3699 +0.2209 -0.1998 +0.0508 +0.0124 -0.0003 +0.0060 +0.0118 +0.3176 -0.7194 +1.0869 +0.2835 +0.2138 -0.0099 +0.0273 -0.2938 +0.6903 +1.1410 -0.2465 +0.2170 -0.1091 +0.0000 +0.0000 +0.0000 +0.0000 +0.0000 +0.0000

Joint Velocities (dq) [35]:
  -0.0909 +0.0470 -0.0094 +0.0217 +0.0070 -0.0463 -0.0616 +0.0561 -0.0267 -0.1055 -0.0398 +0.0176 -0.0372 +0.0676 -0.0102 -0.0318 +0.0253 -0.0974 -0.0120 -0.1098 -0.0115 -0.0858 -0.0338 -0.0036 +0.1045 +0.0023 -0.0347 +0.0411 +0.0853 +0.0000 +0.0000 +0.0000 +0.0000 +0.0000 +0.0000

Joint Torques (tau) [35]:
  +0.4088 +13.2803 -3.7261 -0.6851 +14.8120 +0.1524 +1.3237 -4.0666 +0.4993 +6.6132 +16.4367 -0.3802 -0.2639 +0.3727 -2.6759 -1.6133 +0.8167 +0.4434 -1.1253 -0.1956 -0.2343 +0.0170 -0.9137 -0.9530 -0.2838 -0.7035 +0.1043 -0.1124 -0.1217 +0.0000 +0.0000 +0.0000 +0.0000 +0.0000 +0.0000
