Step: 12085
Timestamp: 1779743206.9866595

Joint Positions (q) [35]:
  +0.0447 +0.0560 +0.1612 +0.2152 -0.2354 -0.0090 -0.0210 -0.0731 -0.3565 +0.2355 -0.1779 +0.0087 +0.0176 +0.0069 +0.0065 +0.0208 +0.2980 -0.6727 +1.1188 +0.2826 +0.2221 -0.0319 +0.0273 -0.2593 +0.6921 +1.1812 -0.2994 +0.2180 -0.0696 +0.0000 +0.0000 +0.0000 +0.0000 +0.0000 +0.0000

Joint Velocities (dq) [35]:
  -0.0018 -0.0060 -0.0092 -0.0253 -0.0363 +0.0214 -0.0124 -0.0053 -0.0127 -0.0018 +0.0447 +0.0024 -0.0092 -0.0142 -0.0114 +0.0172 +0.0200 +0.0149 -0.0134 -0.0083 -0.0300 +0.0089 +0.0071 +0.0146 -0.0211 +0.0020 -0.0160 +0.0025 -0.0456 +0.0000 +0.0000 +0.0000 +0.0000 +0.0000 +0.0000

Joint Torques (tau) [35]:
  -4.6230 +3.1590 -0.7505 -3.3568 +10.6632 -0.4094 +6.1057 +0.5642 +0.8361 +5.9244 +18.3836 +0.6048 -0.3722 -0.1212 -2.9173 -2.3655 +0.6965 +0.5271 -1.4514 -0.1141 -0.3450 +0.3939 -1.3709 -0.5190 -0.2855 -0.9826 +0.1580 -0.1917 -0.0571 +0.0000 +0.0000 +0.0000 +0.0000 +0.0000 +0.0000
