Step: 10278
Timestamp: 1779743005.1966329

Joint Positions (q) [35]:
  +0.1002 +0.0540 +0.1610 +0.1641 -0.2653 -0.0108 -0.1640 -0.0370 -0.2921 +0.2148 -0.0496 -0.0251 -0.0022 +0.0190 +0.0169 -0.0177 +0.2948 -0.6980 +1.1794 +0.2015 +0.2257 +0.0142 -0.0115 -0.2732 +0.6920 +1.1882 -0.2643 +0.2128 -0.0535 +0.0000 +0.0000 +0.0000 +0.0000 +0.0000 +0.0000

Joint Velocities (dq) [35]:
  -0.1263 +0.0161 +0.0106 +0.0719 -0.0576 +0.0259 -0.0890 +0.0184 +0.0115 -0.0299 +0.0734 -0.0125 +0.0063 +0.0607 -0.0620 +0.1560 +0.0423 -0.1301 -0.1653 -0.2046 +0.0130 -0.1116 -0.0640 -0.0913 -0.0923 -0.0035 +0.0906 -0.0067 -0.0676 +0.0000 +0.0000 +0.0000 +0.0000 +0.0000 +0.0000

Joint Torques (tau) [35]:
  -22.1651 -6.1763 +1.9681 -11.4400 +6.1605 -0.4682 +30.1576 +8.2094 +1.1475 +19.4772 +21.0992 +1.2131 -0.2976 +1.6281 -5.1130 -1.2650 +1.3276 +0.2966 -0.5920 -0.0345 -0.0031 +0.0790 -1.2527 -1.0766 -0.3993 -0.7236 +0.1035 -0.0764 -0.1867 +0.0000 +0.0000 +0.0000 +0.0000 +0.0000 +0.0000
