Step: 1515
Timestamp: 1779742030.4642496

Joint Positions (q) [35]:
  +0.0657 +0.0599 +0.1897 +0.1869 -0.2527 -0.0127 -0.0531 -0.0919 -0.3078 +0.2632 -0.1599 +0.0604 +0.0139 -0.0222 +0.0094 -0.0034 +0.3423 -0.7170 +1.1087 +0.2502 +0.1867 -0.0487 +0.0027 -0.2892 +0.7204 +1.1573 -0.2280 +0.2099 +0.0205 +0.0000 +0.0000 +0.0000 +0.0000 +0.0000 +0.0000

Joint Velocities (dq) [35]:
  -0.0165 +0.0498 +0.1156 -0.1721 +0.1099 -0.0352 -0.0775 +0.1280 +0.2503 -0.2170 +0.3746 -0.0447 +0.2168 +0.0579 -0.0429 -0.0046 -0.0336 +0.3260 +0.0638 -0.0023 -0.0405 +0.0160 -0.0187 -0.1390 -0.1441 -0.0579 -0.0067 -0.0168 +0.0545 +0.0000 +0.0000 +0.0000 +0.0000 +0.0000 +0.0000

Joint Torques (tau) [35]:
  -4.0382 +0.3502 -1.9185 -0.3556 +16.1835 -0.9069 +7.5096 +5.7268 -0.0005 +9.6771 +17.0025 -0.0619 +0.0644 +1.8623 -3.5278 -1.2420 +1.1166 +0.4135 -0.8116 -0.1027 -0.1154 +0.1547 -1.0616 -1.7247 -0.4144 -0.4754 +0.0747 +0.0052 -0.1315 +0.0000 +0.0000 +0.0000 +0.0000 +0.0000 +0.0000
