Step: 8533
Timestamp: 1779742811.4350576

Joint Positions (q) [35]:
  +0.1407 +0.0601 +0.2005 +0.1631 -0.2671 -0.0065 -0.1281 -0.0538 -0.3134 +0.1978 +0.0021 +0.0090 +0.0171 -0.0050 +0.0119 +0.0319 +0.3451 -0.6649 +1.1458 +0.2273 +0.1895 -0.0425 +0.0423 -0.2910 +0.7297 +1.1444 -0.2443 +0.1677 +0.0560 +0.0000 +0.0000 +0.0000 +0.0000 +0.0000 +0.0000

Joint Velocities (dq) [35]:
  +0.0294 -0.0201 -0.1562 -0.0194 +0.0072 +0.0286 -0.0131 -0.0555 +0.1732 +0.1532 -0.0635 +0.1031 +0.0317 +0.1073 +0.0783 +0.1728 -0.0299 +0.2713 -0.1572 -0.0575 +0.2061 -0.0147 -0.0257 -0.1419 -0.1870 +0.0037 +0.0881 +0.0145 +0.2171 +0.0000 +0.0000 +0.0000 +0.0000 +0.0000 +0.0000

Joint Torques (tau) [35]:
  -25.2291 +2.6292 +1.4898 -14.8583 +6.9448 -0.6013 +26.6690 +7.0313 -0.3687 +18.9272 +14.7346 -0.0187 +0.2250 +2.4754 -0.7072 -1.4542 -0.1742 +0.0477 -1.2065 +0.0190 -0.3362 +0.0221 -1.7327 -1.9132 -0.3839 -0.4701 -0.0577 +0.0122 -0.1414 +0.0000 +0.0000 +0.0000 +0.0000 +0.0000 +0.0000
