Step: 12194
Timestamp: 1779743219.2727854

Joint Positions (q) [35]:
  +0.0424 +0.0504 +0.1533 +0.2176 -0.2387 -0.0091 -0.0337 -0.0811 -0.3331 +0.2687 -0.2016 +0.0122 -0.0020 +0.0065 +0.0068 +0.0194 +0.3270 -0.7398 +1.0950 +0.2109 +0.2207 -0.0614 +0.0242 -0.2952 +0.7168 +1.1457 -0.2043 +0.2191 -0.0489 +0.0000 +0.0000 +0.0000 +0.0000 +0.0000 +0.0000

Joint Velocities (dq) [35]:
  -0.0223 -0.0090 -0.0674 -0.0660 +0.0039 +0.0109 +0.0039 -0.0002 -0.0716 -0.0530 -0.0021 -0.0088 -0.0136 -0.0503 -0.0394 +0.0242 +0.0468 +0.0874 -0.0881 +0.1209 +0.0319 -0.1022 -0.0023 +0.0903 -0.0422 +0.0947 -0.0413 +0.0569 +0.0744 +0.0000 +0.0000 +0.0000 +0.0000 +0.0000 +0.0000

Joint Torques (tau) [35]:
  -2.1030 +4.0425 -0.4264 -1.1950 +13.1572 -0.4673 +3.1093 -1.0026 -0.0999 +3.3528 +18.3533 +0.3825 -0.5585 -0.2286 -2.9004 -2.5548 +1.3602 +0.6615 -1.3249 -0.0140 -0.3119 +0.3854 -1.1940 -0.8737 -0.2334 -0.7097 -0.0165 -0.1334 -0.0792 +0.0000 +0.0000 +0.0000 +0.0000 +0.0000 +0.0000
