Step: 3660
Timestamp: 1779742269.0257027

Joint Positions (q) [35]:
  +0.1078 +0.0421 +0.1997 +0.1860 -0.2612 +0.0192 +0.0228 -0.0755 -0.2897 +0.2013 -0.1343 +0.0239 -0.0398 -0.0158 +0.0009 +0.0202 +0.3160 -0.6972 +1.1080 +0.3240 +0.2086 +0.0387 +0.0044 -0.2917 +0.6363 +1.1208 -0.3165 +0.1770 -0.2065 +0.0000 +0.0000 +0.0000 +0.0000 +0.0000 +0.0000

Joint Velocities (dq) [35]:
  -0.1037 -0.0282 -0.0168 +0.0550 -0.0192 -0.0205 -0.1370 -0.0593 -0.0528 +0.1310 +0.0304 -0.0323 -0.0404 -0.0065 +0.1076 -0.1098 +0.0021 -0.1179 +0.0034 +0.0518 +0.0166 +0.0041 -0.0664 -0.0298 +0.0050 -0.1279 -0.0032 +0.0773 -0.0491 +0.0000 +0.0000 +0.0000 +0.0000 +0.0000 +0.0000

Joint Torques (tau) [35]:
  -5.1679 +8.5533 -2.9384 -0.9540 +20.1981 -0.9008 +3.9656 +1.3703 -0.3515 +8.1045 +14.5138 +0.3180 +0.7798 +4.4301 +0.2820 -1.5049 +0.4535 +0.4076 -1.1413 -0.1685 -0.2078 +0.2429 -0.0554 -0.4862 +0.3251 +0.3507 +0.1242 +0.1751 +1.1169 +0.0000 +0.0000 +0.0000 +0.0000 +0.0000 +0.0000
