Step: 11534
Timestamp: 1779743145.4344192

Joint Positions (q) [35]:
  +0.1323 +0.0731 +0.1990 +0.1612 -0.2640 -0.0327 -0.0437 -0.0308 -0.3479 +0.2128 -0.1369 -0.0169 -0.0033 +0.0369 +0.0068 -0.0041 +0.2970 -0.7121 +1.1009 +0.3652 +0.1920 -0.0393 -0.0138 -0.2586 +0.7423 +1.2314 -0.2793 +0.2153 +0.0090 +0.0000 +0.0000 +0.0000 +0.0000 +0.0000 +0.0000

Joint Velocities (dq) [35]:
  +0.0763 +0.0427 +0.0364 -0.0069 -0.0539 -0.0285 +0.0756 +0.0555 +0.0215 -0.0555 +0.0603 -0.0037 -0.0487 -0.0168 -0.0096 +0.0146 +0.0193 -0.1529 -0.0299 -0.0730 +0.0517 -0.0224 -0.0063 +0.0369 +0.0354 +0.0052 +0.0104 +0.0696 -0.1039 +0.0000 +0.0000 +0.0000 +0.0000 +0.0000 +0.0000

Joint Torques (tau) [35]:
  -7.3913 +4.9083 -2.3539 -2.2672 +12.2087 +0.2207 +9.6970 -3.2518 +2.0190 +9.5476 +22.8105 +0.1965 +0.2504 +0.6267 -2.5507 -1.3510 +1.8555 +0.3841 -0.7090 +0.0420 +0.0044 +0.1647 -1.3567 -0.8818 -0.2985 -0.6888 +0.1652 -0.0961 +0.0035 +0.0000 +0.0000 +0.0000 +0.0000 +0.0000 +0.0000
