Step: 7518
Timestamp: 1779742698.718986

Joint Positions (q) [35]:
  -0.1196 -0.0149 +0.1995 +0.2619 -0.1280 +0.0300 +0.1329 -0.0761 -0.3914 +0.2022 -0.3090 -0.0059 +0.0492 -0.0014 +0.0056 -0.0264 +0.2958 -0.6977 +1.1461 +0.1982 +0.2013 -0.0211 -0.0017 -0.2878 +0.6970 +1.1958 -0.2389 +0.2004 -0.1530 +0.0000 +0.0000 +0.0000 +0.0000 +0.0000 +0.0000

Joint Velocities (dq) [35]:
  +0.0544 +0.0530 +0.0354 -0.0098 -0.0942 -0.0623 +0.0358 +0.0482 +0.0415 -0.0535 +0.1101 -0.0300 +0.0130 -0.0651 +0.0099 -0.0134 +0.0261 -0.0192 +0.0518 -0.0417 -0.0021 -0.0583 -0.0075 -0.0108 +0.0365 -0.0557 +0.0743 -0.0273 -0.0598 +0.0000 +0.0000 +0.0000 +0.0000 +0.0000 +0.0000

Joint Torques (tau) [35]:
  +10.2004 +6.3375 -3.7559 +5.4723 +13.3391 +0.8909 -9.6016 -7.7416 +0.9753 -0.0244 +19.2419 +1.8749 -0.1316 -0.7258 -2.8472 -1.3968 +1.8946 +0.3368 -0.4874 +0.0389 +0.0183 +0.1454 -1.2845 -1.0202 -0.3134 -0.6848 +0.0576 -0.0898 -0.1890 +0.0000 +0.0000 +0.0000 +0.0000 +0.0000 +0.0000
