Step: 5853
Timestamp: 1779742513.4720922

Joint Positions (q) [35]:
  -0.0730 +0.0221 +0.2011 +0.1937 -0.1574 +0.0251 -0.0901 -0.0721 -0.2961 +0.2291 -0.1410 +0.0267 +0.0640 -0.1215 +0.0159 -0.0570 +0.3481 -0.7024 +1.1903 +0.2424 +0.1771 -0.0137 -0.0895 -0.2660 +0.7563 +1.1903 -0.2166 +0.1599 -0.0830 +0.0000 +0.0000 +0.0000 +0.0000 +0.0000 +0.0000

Joint Velocities (dq) [35]:
  +0.0601 +0.0173 -0.2450 +0.1069 -0.0875 -0.0642 +0.2727 +0.0068 -0.4088 -0.1820 +0.1363 -0.0253 -0.2298 +0.1534 -0.0031 +0.0593 -0.1175 +0.0236 +0.0204 +0.2536 +0.0105 +0.0701 +0.0235 +0.0782 -0.2039 +0.1268 -0.4052 +0.0232 +0.0574 +0.0000 +0.0000 +0.0000 +0.0000 +0.0000 +0.0000

Joint Torques (tau) [35]:
  +2.8164 +12.4577 -5.0408 -4.0334 +5.0890 -0.6169 +3.5317 -4.7252 -0.0507 +6.4227 +13.3336 -0.1782 -0.3760 +3.6062 -6.1466 -1.3705 +0.5423 +0.5376 -0.7329 -0.1216 -0.2145 -0.0062 -0.4240 -2.1551 -0.6097 -0.2019 -0.2170 +0.0323 -0.0897 +0.0000 +0.0000 +0.0000 +0.0000 +0.0000 +0.0000
