Step: 11273
Timestamp: 1779743116.2750409

Joint Positions (q) [35]:
  +0.0940 +0.0551 +0.2050 +0.1817 -0.2398 -0.0249 -0.1017 -0.0591 -0.3382 +0.2713 -0.1334 -0.0324 -0.0384 +0.0540 +0.0065 +0.0145 +0.3100 -0.6984 +1.0932 +0.2782 +0.1614 -0.0471 +0.0374 -0.2939 +0.6527 +1.1647 -0.2575 +0.1700 +0.0326 +0.0000 +0.0000 +0.0000 +0.0000 +0.0000 +0.0000

Joint Velocities (dq) [35]:
  +0.0783 +0.0152 +0.0189 -0.0119 +0.0040 +0.0262 +0.1171 +0.0385 +0.0185 -0.1005 -0.0537 +0.0329 +0.1258 -0.0463 -0.0320 -0.0180 -0.1195 +0.0192 +0.1028 +0.1644 +0.0708 -0.1228 +0.1610 +0.0167 +0.0716 -0.1699 -0.1534 -0.0067 -0.0856 +0.0000 +0.0000 +0.0000 +0.0000 +0.0000 +0.0000

Joint Torques (tau) [35]:
  -3.3229 +2.3336 -2.9958 -2.4132 +7.3478 -0.0971 +3.4433 -2.4999 +1.2629 +1.4054 +15.5532 +0.3885 -0.0495 -1.2480 -1.6752 -1.5616 +1.9738 +0.4327 -0.5820 +0.1076 +0.0239 +0.1621 -0.9124 -0.8725 -0.1901 -0.6354 +0.0418 -0.0967 -0.0353 +0.0000 +0.0000 +0.0000 +0.0000 +0.0000 +0.0000
