Step: 15233
Timestamp: 1779743558.2457564

Joint Positions (q) [35]:
  +0.0398 +0.0238 +0.1066 +0.1902 -0.2217 +0.0088 +0.0042 -0.0687 -0.3045 +0.2159 -0.1899 +0.0030 +0.0155 +0.0252 +0.0073 +0.0002 +0.3114 -0.7494 +1.1000 +0.2548 +0.2143 -0.0614 +0.0467 -0.2952 +0.7236 +1.1349 -0.2411 +0.2168 -0.0483 +0.0000 +0.0000 +0.0000 +0.0000 +0.0000 +0.0000

Joint Velocities (dq) [35]:
  -0.0157 +0.0143 +0.0609 +0.0336 -0.0545 +0.0288 -0.1024 -0.0045 +0.0669 +0.1367 +0.0780 -0.0309 +0.1073 -0.1040 -0.0126 +0.0082 +0.0961 +0.0260 -0.1357 -0.0143 +0.0539 -0.0501 -0.0477 +0.0840 +0.0661 +0.1351 -0.0288 -0.0617 -0.0572 +0.0000 +0.0000 +0.0000 +0.0000 +0.0000 +0.0000

Joint Torques (tau) [35]:
  -0.3972 +5.8155 +0.2858 +0.5528 +12.4636 -0.2976 +2.0194 -0.6715 -0.4518 +5.3823 +16.5821 +0.8152 -0.8706 -1.3253 -2.9831 -2.1447 +0.7285 +0.5079 -1.1613 -0.1547 -0.1748 +0.2249 -1.1571 -0.9911 -0.4231 -0.8454 +0.1520 -0.1035 -0.1237 +0.0000 +0.0000 +0.0000 +0.0000 +0.0000 +0.0000
