Step: 5253
Timestamp: 1779742446.3952756

Joint Positions (q) [35]:
  -0.0086 +0.0413 +0.1714 +0.1892 -0.2285 +0.0166 -0.0831 -0.0607 -0.3073 +0.2095 -0.1057 +0.0410 -0.0200 +0.0202 +0.0105 -0.0948 +0.3322 -0.7622 +1.1295 +0.2438 +0.1701 +0.0131 -0.0901 -0.3178 +0.7022 +1.2037 -0.2023 +0.1914 -0.0704 +0.0000 +0.0000 +0.0000 +0.0000 +0.0000 +0.0000

Joint Velocities (dq) [35]:
  +0.1731 +0.0362 +0.0459 -0.0787 -0.0265 -0.0329 +0.1646 +0.0772 +0.1451 -0.1616 +0.0166 +0.0219 -0.0073 +0.0446 +0.0580 +0.0378 -0.0650 -0.1136 +0.1273 -0.0109 -0.0582 +0.1527 +0.0940 +0.0394 +0.0179 +0.0623 +0.0625 -0.0056 -0.1480 +0.0000 +0.0000 +0.0000 +0.0000 +0.0000 +0.0000

Joint Torques (tau) [35]:
  -2.3479 +5.4558 -2.8542 -0.3674 +16.7176 -0.6737 +9.2624 +3.2516 +0.4465 +11.1849 +16.1016 -0.3992 +0.5335 +0.9502 -5.3976 -0.8176 +1.4051 +0.2843 -0.4167 -0.0292 +0.0035 +0.0943 -1.1765 -1.2807 -0.2937 -0.5419 +0.1079 -0.0751 -0.0594 +0.0000 +0.0000 +0.0000 +0.0000 +0.0000 +0.0000
