Step: 2850
Timestamp: 1779742178.5883803

Joint Positions (q) [35]:
  -0.0861 +0.0726 +0.2095 +0.2897 -0.2166 -0.0096 -0.0710 -0.0672 -0.3219 +0.2589 -0.1845 +0.0212 +0.0199 +0.1005 +0.0084 -0.0419 +0.2606 -0.6624 +1.1685 +0.2829 +0.1937 -0.0024 -0.0254 -0.3117 +0.6446 +1.2088 -0.3205 +0.2033 -0.0822 +0.0000 +0.0000 +0.0000 +0.0000 +0.0000 +0.0000

Joint Velocities (dq) [35]:
  -0.3475 +0.0271 -0.1430 +0.1979 +0.0057 -0.0074 -0.1959 -0.0174 -0.2181 -0.0373 +0.1714 -0.0833 +0.0850 +0.4713 -0.0027 -0.1155 -0.0264 -0.0647 -0.2399 -0.0036 -0.0763 -0.2049 -0.0275 -0.3291 +0.0189 -0.0141 +0.3721 +0.0014 -0.0184 +0.0000 +0.0000 +0.0000 +0.0000 +0.0000 +0.0000

Joint Torques (tau) [35]:
  +5.1103 +4.6159 -5.0580 -0.9457 +11.0893 +0.0934 -1.1442 -2.6415 +0.7199 +5.1585 +18.1613 -0.2408 -0.5543 -1.0724 -4.9051 -2.0994 +1.5564 +0.4994 -0.9258 -0.1123 -0.1238 +0.1332 -1.5597 -0.5630 -0.3408 -0.8674 +0.1403 -0.1319 -0.2480 +0.0000 +0.0000 +0.0000 +0.0000 +0.0000 +0.0000
