Step: 7334
Timestamp: 1779742678.4499125

Joint Positions (q) [35]:
  -0.1211 -0.0377 +0.1248 +0.2671 -0.1224 +0.0379 +0.1527 -0.0781 -0.4318 +0.1858 -0.2897 +0.0386 +0.0361 +0.0082 -0.0017 -0.0021 +0.3268 -0.7058 +1.0613 +0.3169 +0.2005 -0.0892 +0.0291 -0.3072 +0.6908 +1.1627 -0.2097 +0.2105 -0.0849 +0.0000 +0.0000 +0.0000 +0.0000 +0.0000 +0.0000

Joint Velocities (dq) [35]:
  +0.0701 +0.0559 +0.0745 -0.0112 -0.0929 -0.0329 -0.0277 +0.0018 +0.0895 +0.0900 +0.1299 +0.0890 -0.0114 +0.1044 -0.0524 -0.0084 -0.2069 -0.0065 +0.1920 +0.3582 -0.0406 +0.0741 +0.0663 +0.0371 +0.0773 -0.0256 -0.2373 +0.0294 +0.0957 +0.0000 +0.0000 +0.0000 +0.0000 +0.0000 +0.0000

Joint Torques (tau) [35]:
  +11.0424 +11.0721 -6.3249 +3.3533 +9.5940 +0.7102 -11.3146 -7.7153 +0.7107 -0.4973 +15.1513 +0.6289 -0.3482 -1.5774 -1.9622 -1.3907 +1.3008 +0.5567 -0.8250 -0.3000 -0.1191 +0.0130 -0.9406 -1.0726 -0.3188 -0.6345 +0.1059 -0.0956 -0.1283 +0.0000 +0.0000 +0.0000 +0.0000 +0.0000 +0.0000
