Step: 10760
Timestamp: 1779743059.0966332

Joint Positions (q) [35]:
  +0.0879 +0.0636 +0.1799 +0.2680 -0.3080 -0.0538 -0.1339 -0.0601 -0.2278 +0.4182 -0.2700 +0.0003 -0.0017 -0.0139 +0.0494 -0.0274 +0.3368 -0.7080 +1.1659 +0.2076 +0.2033 -0.0251 -0.0062 -0.2703 +0.7119 +1.2024 -0.2125 +0.1956 -0.0668 +0.0000 +0.0000 +0.0000 +0.0000 +0.0000 +0.0000

Joint Velocities (dq) [35]:
  -0.3892 +0.1278 +0.2576 +0.1663 +0.2084 +0.0749 +0.1058 +0.2379 +0.1025 -1.0339 +0.5625 +0.1297 +0.3755 +0.3228 -0.4481 +0.3731 -0.3998 +0.1133 -0.0585 -0.3537 -0.2170 -0.1581 +0.2499 -0.1822 +0.1208 -0.0323 +0.3819 +0.0742 -0.1576 +0.0000 +0.0000 +0.0000 +0.0000 +0.0000 +0.0000

Joint Torques (tau) [35]:
  -5.9149 -4.3417 -0.2114 -4.0415 +10.3753 -0.7641 +11.4372 -12.7267 +6.7840 -3.7880 +43.1961 +0.1728 -0.4396 -1.7194 -8.5197 -0.3764 +1.5591 +0.2036 -0.2096 +0.0947 +0.1176 -0.1596 -0.9844 -0.5579 -0.1740 -1.0462 -0.2361 -0.1395 -0.2111 +0.0000 +0.0000 +0.0000 +0.0000 +0.0000 +0.0000
