Step: 2693
Timestamp: 1779742161.3045518

Joint Positions (q) [35]:
  +0.0379 +0.0563 +0.2048 +0.1984 -0.2308 -0.0010 +0.0306 -0.0677 -0.3420 +0.2000 -0.1602 +0.0427 +0.0096 +0.0057 +0.0066 -0.0018 +0.3198 -0.7155 +1.0992 +0.2804 +0.2148 -0.0477 +0.0210 -0.2664 +0.7116 +1.1761 -0.2617 +0.2374 -0.0599 +0.0000 +0.0000 +0.0000 +0.0000 +0.0000 +0.0000

Joint Velocities (dq) [35]:
  -0.0238 +0.0491 -0.0257 +0.0155 -0.0293 -0.0258 +0.0163 +0.0603 -0.0072 -0.0910 +0.1985 -0.0288 -0.0059 +0.0547 -0.0166 +0.0181 -0.0883 +0.1550 +0.0196 +0.3225 -0.0437 +0.0607 +0.0522 +0.0344 -0.1263 +0.0302 -0.1367 -0.0221 -0.1213 +0.0000 +0.0000 +0.0000 +0.0000 +0.0000 +0.0000

Joint Torques (tau) [35]:
  +0.6210 +5.0059 -2.3928 +1.2600 +16.1778 -0.2977 +1.7748 +0.6849 -0.1140 +7.8242 +17.5972 +0.1251 -0.1777 +0.6419 -3.3755 -1.8998 +0.3053 +0.5448 -1.3489 -0.3027 -0.3054 +0.2300 -1.0813 -0.4395 -0.2713 -0.8448 +0.1676 -0.1609 -0.1239 +0.0000 +0.0000 +0.0000 +0.0000 +0.0000 +0.0000
