Step: 12714
Timestamp: 1779743277.3529613

Joint Positions (q) [35]:
  +0.0264 +0.0562 +0.1728 +0.1925 -0.1976 -0.0137 -0.0541 -0.0639 -0.3104 +0.2257 -0.1465 -0.0049 +0.0055 +0.0524 +0.0078 -0.0171 +0.2718 -0.6858 +1.1635 +0.3063 +0.1959 -0.0224 +0.0097 -0.2919 +0.6536 +1.1844 -0.3096 +0.1855 -0.0565 +0.0000 +0.0000 +0.0000 +0.0000 +0.0000 +0.0000

Joint Velocities (dq) [35]:
  +0.0855 -0.0215 -0.0058 -0.0581 -0.1380 +0.0508 +0.1033 +0.0010 -0.0069 -0.0896 -0.1132 +0.0586 -0.0168 -0.0675 -0.0588 +0.1162 -0.0354 -0.1021 -0.0032 +0.0345 +0.0233 +0.0139 +0.0550 +0.0282 +0.0300 -0.0358 -0.0212 +0.0012 -0.0651 +0.0000 +0.0000 +0.0000 +0.0000 +0.0000 +0.0000

Joint Torques (tau) [35]:
  -1.0316 +0.9152 -1.7539 -0.8000 +9.0808 -0.8532 +2.7870 -0.1814 +0.8197 +1.9299 +13.1181 +0.5920 +0.0572 -0.8829 -3.2070 -1.6744 +1.5831 +0.4180 -0.7655 -0.0310 -0.1036 +0.2280 -1.3920 -0.5890 -0.2701 -0.9419 +0.1468 -0.2070 -0.0174 +0.0000 +0.0000 +0.0000 +0.0000 +0.0000 +0.0000
