Step: 9972
Timestamp: 1779742971.0469768

Joint Positions (q) [35]:
  -0.0731 +0.0031 +0.1898 +0.2633 -0.1918 +0.0350 +0.0722 -0.0675 -0.3361 +0.1788 -0.2293 +0.0236 +0.0261 +0.0056 +0.0034 -0.0025 +0.3039 -0.6840 +1.1078 +0.2822 +0.2306 -0.0128 +0.0337 -0.2819 +0.6849 +1.1566 -0.2590 +0.2277 -0.0955 +0.0000 +0.0000 +0.0000 +0.0000 +0.0000 +0.0000

Joint Velocities (dq) [35]:
  -0.1765 -0.0408 -0.1591 +0.1554 -0.0969 +0.0366 -0.0404 -0.0375 -0.2027 -0.0117 +0.0276 +0.0586 -0.1234 -0.0303 -0.0036 +0.0495 -0.0273 +0.0783 -0.0034 +0.1077 +0.0579 +0.0141 -0.0104 -0.0019 -0.2342 +0.0166 +0.1685 +0.0673 +0.0614 +0.0000 +0.0000 +0.0000 +0.0000 +0.0000 +0.0000

Joint Torques (tau) [35]:
  +4.2799 +6.0187 -3.2957 +1.1106 +8.1033 +0.3891 -4.7169 -6.3812 +1.0766 +1.4874 +11.9904 +0.9089 +0.2882 -1.3761 -2.5638 -1.6504 +0.4674 +0.4644 -1.3246 -0.2240 -0.2775 +0.0529 -1.4715 -0.3302 -0.2492 -1.0152 +0.1201 -0.1904 -0.0114 +0.0000 +0.0000 +0.0000 +0.0000 +0.0000 +0.0000
