Step: 1964
Timestamp: 1779742080.292041

Joint Positions (q) [35]:
  +0.0908 +0.0457 +0.1726 +0.1800 -0.2476 -0.0049 +0.0144 -0.0921 -0.3091 +0.2534 -0.1843 +0.0629 +0.0353 -0.0069 +0.0080 +0.0153 +0.3157 -0.7111 +1.1187 +0.2337 +0.2113 -0.0473 +0.0023 -0.2899 +0.7367 +1.1678 -0.2382 +0.2201 +0.0259 +0.0000 +0.0000 +0.0000 +0.0000 +0.0000 +0.0000

Joint Velocities (dq) [35]:
  +0.0026 +0.0335 -0.0472 -0.0320 -0.0503 -0.0360 +0.0865 +0.0635 +0.0126 -0.2203 +0.2122 +0.0534 +0.0050 -0.0091 -0.0711 +0.1821 +0.1003 +0.2737 -0.3202 +0.1622 +0.0630 -0.0780 +0.2398 +0.0232 -0.0683 -0.1141 +0.0364 +0.0306 +0.1301 +0.0000 +0.0000 +0.0000 +0.0000 +0.0000 +0.0000

Joint Torques (tau) [35]:
  -3.1260 +1.7331 -1.9500 +2.1422 +19.9298 -1.0115 +4.2210 +5.6099 -0.0972 +8.6054 +16.9914 -0.1397 -0.1159 +0.8351 -2.0824 -1.3998 +1.1912 +0.4010 -0.9176 -0.0164 -0.1562 +0.1170 -0.9636 -1.8951 -0.3886 -0.4579 +0.0796 +0.0086 -0.0610 +0.0000 +0.0000 +0.0000 +0.0000 +0.0000 +0.0000
