Step: 9784
Timestamp: 1779742950.0693643

Joint Positions (q) [35]:
  -0.0262 -0.0107 +0.1546 +0.1979 -0.1597 +0.0286 +0.0800 -0.0775 -0.3648 +0.1819 -0.2195 +0.0415 +0.0254 +0.0007 +0.0086 +0.0171 +0.3091 -0.6974 +1.0930 +0.2937 +0.2052 -0.0156 +0.0210 -0.2779 +0.7043 +1.1614 -0.2812 +0.2261 -0.0612 +0.0000 +0.0000 +0.0000 +0.0000 +0.0000 +0.0000

Joint Velocities (dq) [35]:
  -0.0246 -0.0309 -0.0014 -0.0273 -0.0062 -0.0273 +0.1077 +0.0381 +0.0249 -0.2268 +0.0820 -0.0217 -0.0425 +0.0020 -0.0516 +0.0939 +0.0540 +0.0387 -0.1476 +0.0479 +0.0094 -0.0262 +0.0427 +0.0078 -0.0641 +0.0032 +0.0492 +0.0296 +0.0232 +0.0000 +0.0000 +0.0000 +0.0000 +0.0000 +0.0000

Joint Torques (tau) [35]:
  +2.0885 +8.5118 -3.8944 -1.3414 +6.6702 +0.0122 +0.9114 -3.4168 +0.5002 +6.2920 +16.2193 +1.1438 +0.2920 +0.0444 -4.0999 -1.6221 +1.2268 +0.5111 -1.0817 -0.1251 -0.2029 +0.1520 -1.4053 -0.9587 -0.2754 -0.7593 +0.0272 -0.0904 -0.1186 +0.0000 +0.0000 +0.0000 +0.0000 +0.0000 +0.0000
