Step: 14323
Timestamp: 1779743456.564846

Joint Positions (q) [35]:
  -0.0108 +0.0792 +0.0357 +0.2802 -0.2469 -0.0586 -0.1490 -0.0700 -0.2952 +0.3212 -0.1396 -0.0086 -0.0205 +0.0193 +0.0157 +0.0072 +0.3239 -0.7079 +1.0879 +0.2894 +0.1930 -0.0453 +0.0025 -0.2831 +0.6788 +1.1968 -0.2242 +0.1500 -0.1292 +0.0000 +0.0000 +0.0000 +0.0000 +0.0000 +0.0000

Joint Velocities (dq) [35]:
  +0.5344 +0.0932 +0.5766 -1.2974 +0.6436 -0.1388 +0.3252 +0.2046 +0.1044 -0.7845 +0.2705 -0.4091 +0.0729 -0.0484 -0.3156 +0.0309 -0.2276 -0.2677 +0.2094 -0.1695 -0.1311 -0.1394 +0.2842 +0.0313 +0.1546 -0.1207 +0.1273 +0.1341 -0.0618 +0.0000 +0.0000 +0.0000 +0.0000 +0.0000 +0.0000

Joint Torques (tau) [35]:
  -4.8501 -6.1789 +1.9962 -1.7023 +1.9132 +0.2221 +9.6471 -12.3386 +7.4566 -5.6006 +6.4551 +3.5119 -0.8205 -3.1378 -5.1101 -2.1232 +2.0755 +0.5956 -0.7721 +0.0834 -0.2436 +0.5193 -1.1162 -0.2676 -0.2063 -0.9406 +0.1006 -0.2695 -0.1084 +0.0000 +0.0000 +0.0000 +0.0000 +0.0000 +0.0000
