Step: 846
Timestamp: 1779741956.0544424

Joint Positions (q) [35]:
  +0.0696 +0.0720 +0.1794 +0.1924 -0.2360 -0.0233 -0.0432 -0.0864 -0.3421 +0.2145 -0.1197 +0.0407 -0.0088 +0.0363 +0.0053 -0.0072 +0.2895 -0.7019 +1.1242 +0.3270 +0.2211 -0.0788 +0.0712 -0.2779 +0.6557 +1.1312 -0.2878 +0.2180 -0.0038 +0.0000 +0.0000 +0.0000 +0.0000 +0.0000 +0.0000

Joint Velocities (dq) [35]:
  +0.1106 +0.0143 -0.1497 +0.0137 -0.0760 -0.0311 +0.1408 -0.0223 -0.1335 +0.0988 -0.0457 +0.0286 -0.0762 -0.1101 -0.0927 +0.2185 +0.0372 +0.1039 +0.0596 -0.2115 -0.0394 -0.1204 +0.2233 +0.2567 -0.1902 +0.1538 +0.0005 -0.0350 +0.1033 +0.0000 +0.0000 +0.0000 +0.0000 +0.0000 +0.0000

Joint Torques (tau) [35]:
  -4.6621 -1.1653 -1.0203 -3.3920 +6.9108 -0.2454 +6.6514 +5.0237 +0.3546 +9.2129 +16.6405 +0.3299 +0.3503 -1.3457 -1.3670 -0.4753 +1.0970 +0.1348 -0.5939 -0.1303 -0.0390 -0.0956 +0.1814 -0.8661 -0.1038 -0.3122 -0.0044 +0.0811 +0.0364 +0.0000 +0.0000 +0.0000 +0.0000 +0.0000 +0.0000
