Step: 13100
Timestamp: 1779743320.387296

Joint Positions (q) [35]:
  +0.0675 +0.0519 +0.1298 +0.1969 -0.2117 -0.0105 +0.0266 -0.0649 -0.3539 +0.1874 -0.1497 +0.0084 +0.0006 +0.0268 +0.0065 +0.0138 +0.3066 -0.7333 +1.0644 +0.3721 +0.2039 -0.1019 -0.0238 -0.2741 +0.7264 +1.2093 -0.3008 +0.2075 -0.0632 +0.0000 +0.0000 +0.0000 +0.0000 +0.0000 +0.0000

Joint Velocities (dq) [35]:
  +0.0109 +0.0015 +0.0266 -0.0213 -0.0703 +0.0238 +0.0076 +0.0122 +0.0209 -0.0387 -0.0619 +0.0048 -0.0067 -0.0089 -0.0097 +0.0275 +0.0058 +0.0441 -0.0355 +0.0507 +0.0151 -0.0671 -0.0199 +0.0364 -0.0540 +0.0513 -0.0631 +0.0160 +0.0096 +0.0000 +0.0000 +0.0000 +0.0000 +0.0000 +0.0000

Joint Torques (tau) [35]:
  -4.9889 +3.9165 -1.4452 -3.9161 +8.6553 -0.6088 +4.2370 -1.4517 +0.8803 +3.8117 +13.0617 +0.5497 +0.3223 +2.4473 -1.2025 -1.6457 +1.3504 +0.4226 -0.8792 -0.0221 -0.0656 +0.1433 -1.3038 -0.3288 -0.2249 -0.4080 +0.1837 +0.0825 +0.1528 +0.0000 +0.0000 +0.0000 +0.0000 +0.0000 +0.0000
