Step: 13087
Timestamp: 1779743318.866275

Joint Positions (q) [35]:
  +0.0526 +0.0537 +0.1216 +0.2183 -0.2207 -0.0141 +0.0175 -0.0679 -0.3610 +0.2050 -0.1596 +0.0083 -0.0037 +0.0288 +0.0051 +0.0023 +0.3026 -0.7497 +1.0819 +0.3545 +0.2066 -0.0899 -0.0155 -0.2934 +0.7512 +1.1843 -0.2598 +0.1986 -0.0617 +0.0000 +0.0000 +0.0000 +0.0000 +0.0000 +0.0000

Joint Velocities (dq) [35]:
  +0.0200 +0.0151 +0.0248 -0.0224 -0.0270 +0.0139 +0.0286 +0.0284 +0.0128 -0.0820 +0.1117 -0.0073 +0.0343 +0.0619 -0.0128 +0.0887 +0.0083 +0.1297 -0.1640 +0.1477 -0.0043 -0.0440 -0.0197 +0.0152 -0.0577 +0.0649 -0.1308 +0.0001 -0.0352 +0.0000 +0.0000 +0.0000 +0.0000 +0.0000 +0.0000

Joint Torques (tau) [35]:
  -6.0285 +5.7716 -2.1820 -7.2796 +4.4933 -0.1756 +4.4672 -2.7227 +1.2305 +4.1819 +14.6865 +0.6740 +0.4106 +2.9883 -0.7177 -2.0349 +1.3998 +0.5103 -1.0706 -0.0192 -0.1567 +0.2714 -1.2431 -0.3827 -0.3226 -0.1591 +0.2833 +0.2930 +0.2100 +0.0000 +0.0000 +0.0000 +0.0000 +0.0000 +0.0000
