Step: 12958
Timestamp: 1779743304.669158

Joint Positions (q) [35]:
  +0.0531 +0.0473 +0.1560 +0.1968 -0.2300 -0.0069 -0.0275 -0.0778 -0.3260 +0.2496 -0.1900 +0.0147 +0.0162 +0.0310 +0.0052 +0.0081 +0.2943 -0.7199 +1.1084 +0.2846 +0.2285 -0.0566 +0.0466 -0.2849 +0.7097 +1.1459 -0.2514 +0.2337 -0.0292 +0.0000 +0.0000 +0.0000 +0.0000 +0.0000 +0.0000

Joint Velocities (dq) [35]:
  -0.0898 -0.0369 -0.2023 +0.0899 -0.0569 +0.0207 +0.0239 -0.0675 -0.1946 +0.0587 -0.0971 +0.0046 -0.0232 -0.1152 -0.0298 +0.0145 -0.0215 +0.2181 -0.0739 +0.4626 +0.1019 -0.0187 -0.1205 +0.1502 +0.0408 +0.2241 +0.0007 +0.1168 +0.0496 +0.0000 +0.0000 +0.0000 +0.0000 +0.0000 +0.0000

Joint Torques (tau) [35]:
  -2.8808 +3.7524 -0.9345 -0.9110 +12.3481 -0.4366 +3.5585 -0.4912 -0.0398 +3.5112 +17.5669 +0.4433 +0.2846 -1.3944 -2.0979 -1.1056 +1.2285 +0.2089 -0.7450 -0.0509 -0.0381 -0.0891 -1.5568 -0.9730 -0.3673 -0.9111 +0.0938 -0.0966 -0.0933 +0.0000 +0.0000 +0.0000 +0.0000 +0.0000 +0.0000
