Step: 997
Timestamp: 1779741972.7346816

Joint Positions (q) [35]:
  +0.0725 +0.0759 +0.1875 +0.1809 -0.2254 -0.0286 -0.0481 -0.0816 -0.3494 +0.2160 -0.1142 +0.0341 +0.0047 +0.0042 +0.0069 -0.0026 +0.3300 -0.7429 +1.1020 +0.2540 +0.1976 -0.0651 +0.0321 -0.2789 +0.7237 +1.1488 -0.2589 +0.2174 -0.0034 +0.0000 +0.0000 +0.0000 +0.0000 +0.0000 +0.0000

Joint Velocities (dq) [35]:
  -0.0910 +0.0192 +0.0192 +0.0187 +0.0011 -0.0105 -0.0981 +0.0238 +0.0479 -0.0353 +0.2729 -0.0182 +0.0473 -0.0144 -0.0080 +0.0631 +0.0937 +0.0826 -0.1738 -0.1223 +0.0551 -0.0012 -0.0488 +0.0389 -0.0377 +0.1014 -0.0161 +0.0149 -0.0377 +0.0000 +0.0000 +0.0000 +0.0000 +0.0000 +0.0000

Joint Torques (tau) [35]:
  -6.5153 -0.1118 -0.6138 -5.5013 +6.3822 -0.5066 +8.2193 +6.0249 -0.3534 +10.1426 +16.4887 +0.3514 -0.2496 +0.5644 -2.6420 -1.8499 +0.5610 +0.4518 -1.1959 -0.1901 -0.1937 +0.1694 -1.5018 -1.2526 -0.5323 -0.7424 +0.0907 -0.1269 -0.2136 +0.0000 +0.0000 +0.0000 +0.0000 +0.0000 +0.0000
