Step: 15102
Timestamp: 1779743543.5371974

Joint Positions (q) [35]:
  -0.0178 +0.0242 +0.1192 +0.1805 -0.1960 +0.0268 -0.0778 -0.0753 -0.3497 +0.1976 -0.0910 +0.0162 +0.0187 -0.0160 +0.0110 -0.0421 +0.3004 -0.6991 +1.1844 +0.3055 +0.1674 -0.0307 -0.0316 -0.2619 +0.7131 +1.2378 -0.2328 +0.1840 -0.0819 +0.0000 +0.0000 +0.0000 +0.0000 +0.0000 +0.0000

Joint Velocities (dq) [35]:
  +0.2546 -0.0053 -0.0222 -0.0240 -0.1033 +0.0053 +0.2613 +0.0009 -0.0506 -0.0523 -0.0857 +0.0059 +0.0206 +0.0467 +0.0023 +0.0971 -0.0625 +0.0898 +0.0296 +0.0283 +0.0316 -0.0017 +0.0348 +0.0300 -0.1394 +0.1324 +0.1232 +0.0464 -0.0272 +0.0000 +0.0000 +0.0000 +0.0000 +0.0000 +0.0000

Joint Torques (tau) [35]:
  -3.9475 +11.6608 -2.2615 -5.3424 +6.7850 -0.4340 +8.6108 -1.9991 +0.3430 +9.6924 +14.7829 +0.2328 -0.3396 +1.2602 -4.2621 -2.1150 +1.0119 +0.5140 -1.1246 -0.1166 -0.2901 +0.3936 -1.1529 -1.0575 -0.3344 -0.5982 +0.1621 -0.1149 -0.1649 +0.0000 +0.0000 +0.0000 +0.0000 +0.0000 +0.0000
