Step: 15475
Timestamp: 1779743585.0715008

Joint Positions (q) [35]:
  +0.0663 +0.0389 +0.0204 +0.1929 -0.2398 -0.0070 -0.0405 -0.0686 -0.3619 +0.2237 -0.1472 +0.0042 +0.0130 +0.0219 +0.0089 +0.0141 +0.2867 -0.6556 +1.1226 +0.3345 +0.2354 -0.0999 +0.0543 -0.2669 +0.6642 +1.1511 -0.3064 +0.2247 -0.0171 +0.0000 +0.0000 +0.0000 +0.0000 +0.0000 +0.0000

Joint Velocities (dq) [35]:
  +0.0183 -0.0036 -0.0305 -0.0045 -0.0410 +0.0192 +0.0410 -0.0005 -0.0306 -0.0229 -0.0550 -0.0024 +0.0057 -0.0233 -0.0037 +0.0374 +0.0310 +0.0399 -0.1250 +0.0791 -0.0250 -0.1071 +0.0414 -0.0348 -0.0626 -0.1024 -0.0230 +0.0110 +0.1304 +0.0000 +0.0000 +0.0000 +0.0000 +0.0000 +0.0000

Joint Torques (tau) [35]:
  -8.4361 -0.6721 +1.2845 -4.1137 +10.3535 -0.6942 +10.3565 +1.7942 +0.4990 +6.7549 +16.8195 +0.6270 -0.2723 -0.1938 -2.8532 -2.1300 +1.2225 +0.3377 -1.1750 +0.0796 -0.2855 +0.2741 -1.4687 -0.7103 -0.2940 -1.0392 +0.0988 -0.1883 -0.0882 +0.0000 +0.0000 +0.0000 +0.0000 +0.0000 +0.0000
