Step: 13661
Timestamp: 1779743383.0058205

Joint Positions (q) [35]:
  -0.1275 +0.0603 +0.1454 +0.2835 -0.1756 -0.0196 -0.0224 -0.0878 -0.3896 +0.2508 -0.2365 +0.0192 +0.0141 +0.1000 +0.0027 -0.0230 +0.2868 -0.6924 +1.1687 +0.1799 +0.1615 -0.0238 -0.0155 -0.3192 +0.6515 +1.2173 -0.2733 +0.1940 -0.1063 +0.0000 +0.0000 +0.0000 +0.0000 +0.0000 +0.0000

Joint Velocities (dq) [35]:
  +0.0820 -0.0263 -0.1108 -0.1586 +0.0616 -0.0022 +0.1273 +0.0256 -0.1262 -0.1548 +0.0830 -0.0089 -0.0226 -0.0612 -0.0493 +0.1272 +0.2192 -0.0299 -0.1891 -0.3110 -0.1055 -0.2974 +0.2020 +0.0860 -0.0695 +0.0281 +0.3055 +0.0762 +0.0008 +0.0000 +0.0000 +0.0000 +0.0000 +0.0000 +0.0000

Joint Torques (tau) [35]:
  +1.0154 -2.2471 -0.0158 +1.6426 +9.4030 -0.1699 +0.3944 -5.2534 +3.2189 -1.8603 +13.2580 +1.2630 +0.0996 -2.4504 -2.3968 -1.1177 +2.5767 +0.4413 -0.1711 +0.0139 +0.0872 +0.1407 -0.9414 +0.1974 -0.1123 -0.8645 +0.1300 -0.2142 -0.0072 +0.0000 +0.0000 +0.0000 +0.0000 +0.0000 +0.0000
