Step: 12363
Timestamp: 1779743238.1059227

Joint Positions (q) [35]:
  +0.0742 +0.0515 +0.1449 +0.2078 -0.2444 -0.0086 +0.0102 -0.0752 -0.3426 +0.2402 -0.1982 +0.0192 -0.0019 +0.0119 +0.0054 +0.0359 +0.3615 -0.7204 +1.0546 +0.2157 +0.1602 -0.1900 +0.0553 -0.2994 +0.6609 +1.1545 -0.2587 +0.1661 -0.0096 +0.0000 +0.0000 +0.0000 +0.0000 +0.0000 +0.0000

Joint Velocities (dq) [35]:
  -0.0063 +0.0122 -0.0056 -0.0048 -0.0219 +0.0246 +0.0035 +0.0218 -0.0041 -0.0447 +0.0932 -0.0065 +0.1025 -0.0428 +0.0625 -0.0907 +0.0203 -0.0084 -0.0052 +0.0763 -0.0267 +0.0839 -0.0822 -0.0312 +0.2182 -0.0101 +0.2712 +0.0360 +0.0082 +0.0000 +0.0000 +0.0000 +0.0000 +0.0000 +0.0000

Joint Torques (tau) [35]:
  -0.3418 +2.5460 -3.6078 +0.1888 +13.3046 -0.6531 +0.9084 +1.6948 +0.2486 +3.9920 +20.0543 +0.6596 +0.1881 +0.7580 -1.6781 -1.2360 +1.6018 +0.3324 -0.5918 -0.0326 -0.0262 +0.1053 -1.7555 -1.8169 -0.3239 -0.7429 +0.1212 -0.0940 -0.2840 +0.0000 +0.0000 +0.0000 +0.0000 +0.0000 +0.0000
