Step: 4334
Timestamp: 1779742344.2571735

Joint Positions (q) [35]:
  +0.1080 +0.0007 +0.1789 +0.2442 -0.3080 +0.0053 -0.0599 -0.1593 -0.2955 +0.4600 -0.3127 +0.0261 +0.0030 -0.0401 +0.0083 +0.0608 +0.2875 -0.6431 +1.1562 +0.2744 +0.2029 -0.0765 +0.0626 -0.2665 +0.6157 +1.1559 -0.2221 +0.1926 +0.0654 +0.0000 +0.0000 +0.0000 +0.0000 +0.0000 +0.0000

Joint Velocities (dq) [35]:
  -0.1157 -0.4005 +0.1633 +0.0244 +0.0186 +0.0781 -0.7757 -0.4820 +0.6120 +1.2522 -0.3460 -0.0248 +0.0366 -0.4906 -0.0466 -0.0095 +0.1784 +0.1346 -0.0763 +0.3646 +0.0135 +0.1217 -0.1187 -0.0844 -0.1875 -0.2114 -0.0051 -0.1592 +0.0398 +0.0000 +0.0000 +0.0000 +0.0000 +0.0000 +0.0000

Joint Torques (tau) [35]:
  -2.3287 +7.8558 -1.0947 +4.1235 +30.3783 -0.3277 +2.7568 +1.5625 -0.2669 +3.6577 +18.8906 +0.0899 -0.5000 -0.0755 -1.6986 -1.1952 +0.4297 +0.2810 -0.9627 -0.1252 -0.1675 +0.1067 -0.9479 -1.7060 -0.4468 -0.5444 +0.0893 -0.0007 -0.1004 +0.0000 +0.0000 +0.0000 +0.0000 +0.0000 +0.0000
