Step: 9147
Timestamp: 1779742879.4337864

Joint Positions (q) [35]:
  +0.0663 +0.0198 +0.1257 +0.1767 -0.2130 +0.0147 +0.0561 -0.0662 -0.3592 +0.1951 -0.1668 +0.0432 +0.0233 +0.0074 +0.0065 +0.0527 +0.3077 -0.6603 +1.0822 +0.2754 +0.2128 -0.0456 +0.0341 -0.2875 +0.6747 +1.1496 -0.2686 +0.2230 -0.0268 +0.0000 +0.0000 +0.0000 +0.0000 +0.0000 +0.0000

Joint Velocities (dq) [35]:
  -0.0222 -0.0159 -0.0352 -0.0122 +0.0015 -0.0216 -0.0393 -0.0185 +0.0316 +0.0145 -0.0909 +0.0410 -0.0572 -0.0209 +0.0438 -0.0791 +0.0924 -0.1427 -0.1027 -0.0137 +0.0334 +0.0159 -0.0629 +0.0486 -0.0213 +0.0433 -0.0744 +0.0250 -0.0470 +0.0000 +0.0000 +0.0000 +0.0000 +0.0000 +0.0000

Joint Torques (tau) [35]:
  -3.4876 +8.4863 -2.0858 -2.1652 +11.4950 -0.2962 +4.4342 -1.3479 +0.2091 +9.0317 +17.4782 -0.1703 -0.5282 +0.3560 -1.9898 -1.9337 +1.3207 +0.5289 -1.0390 -0.0665 -0.1552 +0.2061 -0.9724 -1.0637 -0.3064 -0.6540 +0.1094 -0.0698 -0.1194 +0.0000 +0.0000 +0.0000 +0.0000 +0.0000 +0.0000
