Step: 5507
Timestamp: 1779742474.8176343

Joint Positions (q) [35]:
  +0.0191 +0.0362 +0.1468 +0.2103 -0.2068 -0.0019 +0.0152 -0.0602 -0.3691 +0.1974 -0.1756 +0.0104 -0.0033 +0.0085 +0.0055 -0.0072 +0.3415 -0.7791 +1.0753 +0.2326 +0.2105 -0.0618 +0.0177 -0.3022 +0.7481 +1.1365 -0.1996 +0.2262 -0.0561 +0.0000 +0.0000 +0.0000 +0.0000 +0.0000 +0.0000

Joint Velocities (dq) [35]:
  -0.0153 +0.0090 -0.0768 +0.0099 -0.0467 -0.0253 +0.0438 +0.0083 -0.1059 -0.0660 +0.1363 +0.0644 -0.0028 -0.0131 -0.0277 +0.0659 +0.0838 +0.0903 -0.2427 +0.2404 -0.0047 -0.1454 -0.0208 +0.0466 -0.0697 +0.0556 -0.1709 +0.0040 +0.0827 +0.0000 +0.0000 +0.0000 +0.0000 +0.0000 +0.0000

Joint Torques (tau) [35]:
  -0.0067 +8.2546 -4.0259 -1.4882 +9.7088 -0.0221 +0.6706 -6.1729 +2.1596 +3.2971 +13.7434 +0.0686 -0.1628 +0.5183 -2.4433 -2.0412 +1.4615 +0.6239 -1.0091 -0.1617 -0.1729 +0.0995 -1.3005 -1.0674 -0.3457 -0.7751 +0.1188 -0.1242 -0.0475 +0.0000 +0.0000 +0.0000 +0.0000 +0.0000 +0.0000
