Step: 11292
Timestamp: 1779743118.5860193

Joint Positions (q) [35]:
  +0.1311 +0.0589 +0.1937 +0.1812 -0.2703 -0.0192 -0.0478 -0.0527 -0.3502 +0.2443 -0.1445 -0.0079 -0.0046 +0.0200 +0.0063 +0.0329 +0.2969 -0.6677 +1.1309 +0.2799 +0.1948 -0.0501 +0.0786 -0.2715 +0.6688 +1.1656 -0.2143 +0.1833 +0.0284 +0.0000 +0.0000 +0.0000 +0.0000 +0.0000 +0.0000

Joint Velocities (dq) [35]:
  +0.0645 -0.0503 +0.0623 +0.0949 -0.1537 +0.0190 -0.0829 -0.0992 +0.0848 +0.3534 -0.2574 +0.0746 +0.1566 -0.0515 +0.0013 -0.0159 +0.1315 +0.2882 -0.0200 -0.6457 -0.0724 -0.0737 +0.0022 -0.1165 +0.0094 +0.0364 +0.1633 -0.0997 +0.1676 +0.0000 +0.0000 +0.0000 +0.0000 +0.0000 +0.0000

Joint Torques (tau) [35]:
  -4.2793 -0.1978 -2.9953 -0.3557 +12.4362 -0.0060 +3.7789 +0.0114 +2.1859 +4.6748 +20.2248 +0.3932 -0.4050 +0.1367 -0.8325 -1.7264 +2.0962 +0.3944 -0.5908 +0.1292 +0.0467 +0.2040 -0.7783 -2.3746 -0.3392 -0.1107 -0.0876 +0.1653 -0.1700 +0.0000 +0.0000 +0.0000 +0.0000 +0.0000 +0.0000
