Step: 12703
Timestamp: 1779743276.217017

Joint Positions (q) [35]:
  -0.0262 +0.0610 +0.1551 +0.2292 -0.1888 -0.0238 -0.0979 -0.0693 -0.3256 +0.2613 -0.1487 -0.0199 +0.0002 +0.0740 +0.0058 -0.0088 +0.2963 -0.6979 +1.1204 +0.2636 +0.1584 -0.0433 +0.0060 -0.3118 +0.6680 +1.1826 -0.2810 +0.1648 -0.0519 +0.0000 +0.0000 +0.0000 +0.0000 +0.0000 +0.0000

Joint Velocities (dq) [35]:
  +0.4052 -0.0621 +0.1383 -0.3807 +0.0129 +0.0304 +0.1925 -0.0132 +0.1262 -0.0454 -0.1162 +0.0443 +0.0197 -0.1460 -0.0693 +0.1264 -0.1249 +0.1482 -0.0713 +0.1057 +0.1092 +0.0777 +0.1148 +0.0834 -0.2279 -0.0466 -0.1930 +0.0253 +0.0888 +0.0000 +0.0000 +0.0000 +0.0000 +0.0000 +0.0000

Joint Torques (tau) [35]:
  -1.9388 -0.7982 -0.0475 -3.0254 +3.8785 -0.6644 +3.2167 -2.0681 +1.2575 -2.0451 +8.7831 +1.0072 -0.4616 -2.4103 -3.0238 -1.4823 +2.0078 +0.3621 -0.5563 +0.0381 -0.0386 +0.1221 -1.1827 -0.8051 -0.2988 -0.7977 +0.1576 -0.1596 -0.0576 +0.0000 +0.0000 +0.0000 +0.0000 +0.0000 +0.0000
