Step: 8200
Timestamp: 1779742774.4705117

Joint Positions (q) [35]:
  -0.0194 +0.0249 +0.1535 +0.2080 -0.1632 -0.0014 +0.0828 -0.0739 -0.3643 +0.1654 -0.2067 +0.0299 +0.0295 +0.0094 +0.0056 -0.0036 +0.3108 -0.7156 +1.1194 +0.2928 +0.1690 -0.0727 +0.0178 -0.3045 +0.7022 +1.1415 -0.3090 +0.1763 -0.0378 +0.0000 +0.0000 +0.0000 +0.0000 +0.0000 +0.0000

Joint Velocities (dq) [35]:
  -0.0150 +0.0018 -0.0507 +0.0539 -0.0962 -0.0075 +0.0419 +0.0069 -0.0593 -0.0469 +0.1051 +0.0172 -0.0116 +0.0271 -0.0781 +0.0323 +0.0116 -0.1304 -0.0646 -0.0991 +0.1023 +0.0698 +0.0432 +0.0239 +0.0950 +0.0331 +0.0979 +0.0721 -0.1623 +0.0000 +0.0000 +0.0000 +0.0000 +0.0000 +0.0000

Joint Torques (tau) [35]:
  +4.6205 +3.1689 -3.4160 +1.6727 +9.0930 -0.1898 -4.9839 -3.0228 +1.1023 +1.3367 +12.4947 +0.8830 -0.3376 -0.0303 -1.9628 -1.7613 +1.2183 +0.4493 -0.8628 -0.1045 -0.1473 +0.1536 -1.2152 -0.6770 -0.3112 -0.8802 +0.1328 -0.1958 -0.1470 +0.0000 +0.0000 +0.0000 +0.0000 +0.0000 +0.0000
