Step: 4901
Timestamp: 1779742407.2422996

Joint Positions (q) [35]:
  +0.0610 +0.0564 +0.1798 +0.1844 -0.2387 -0.0013 -0.0792 -0.0656 -0.3339 +0.2137 -0.0761 +0.0317 +0.0124 +0.0016 +0.0096 -0.0053 +0.3390 -0.7078 +1.0968 +0.2148 +0.1952 -0.0209 +0.0148 -0.2990 +0.7403 +1.1553 -0.1875 +0.2030 -0.0059 +0.0000 +0.0000 +0.0000 +0.0000 +0.0000 +0.0000

Joint Velocities (dq) [35]:
  -0.0172 -0.0073 -0.0285 +0.0313 -0.0587 +0.0178 -0.0160 -0.0208 -0.0300 +0.0279 -0.0310 +0.0145 -0.0142 +0.0392 +0.0074 +0.0859 -0.0583 -0.0959 -0.1710 -0.2354 +0.0036 -0.1938 -0.0129 -0.0145 +0.0431 -0.0234 +0.0594 +0.1088 +0.0980 +0.0000 +0.0000 +0.0000 +0.0000 +0.0000 +0.0000

Joint Torques (tau) [35]:
  -7.2727 +3.8492 -2.1460 -5.1365 +10.1038 -0.6947 +11.1587 +3.6976 -0.2715 +12.1915 +16.2185 -0.3441 -0.2696 +0.5432 -3.5433 -1.4310 +1.4171 +0.3046 -0.6768 +0.0599 -0.0768 +0.1562 -1.0938 -1.7172 -0.3696 -0.4737 +0.0564 -0.0148 -0.1211 +0.0000 +0.0000 +0.0000 +0.0000 +0.0000 +0.0000
