Step: 15468
Timestamp: 1779743584.250408

Joint Positions (q) [35]:
  +0.0571 +0.0397 +0.0264 +0.2045 -0.2465 -0.0049 -0.0474 -0.0673 -0.3557 +0.2239 -0.1451 +0.0055 +0.0131 +0.0265 +0.0111 +0.0043 +0.2715 -0.6581 +1.1513 +0.3142 +0.2401 -0.0735 +0.0412 -0.2557 +0.6739 +1.1782 -0.3131 +0.2261 -0.0458 +0.0000 +0.0000 +0.0000 +0.0000 +0.0000 +0.0000

Joint Velocities (dq) [35]:
  +0.0709 -0.0135 -0.0943 -0.0818 +0.0033 +0.0111 +0.0666 -0.0241 -0.0921 +0.0258 -0.1001 -0.0068 -0.0247 -0.0099 +0.0156 -0.0506 +0.0363 -0.0855 -0.0130 +0.0770 +0.0181 -0.0976 +0.0167 -0.0102 +0.0222 -0.0395 +0.0573 +0.0262 +0.1243 +0.0000 +0.0000 +0.0000 +0.0000 +0.0000 +0.0000

Joint Torques (tau) [35]:
  -8.4590 +0.2705 +1.0093 -5.4813 +10.5573 -0.6882 +12.3496 +2.0932 +1.1590 +8.5980 +18.9567 +0.6466 -0.3384 -0.4093 -3.5830 -2.0471 +1.6060 +0.1838 -1.3653 +0.1364 -0.3316 +0.2818 -1.3508 -1.0458 -0.2081 -0.9630 +0.2557 -0.1835 -0.1295 +0.0000 +0.0000 +0.0000 +0.0000 +0.0000 +0.0000
