Step: 3213
Timestamp: 1779742219.261038

Joint Positions (q) [35]:
  -0.1275 +0.0729 +0.1730 +0.3217 -0.2069 -0.0116 -0.0559 -0.0624 -0.3751 +0.2528 -0.2024 -0.0036 -0.0041 +0.1599 +0.0116 -0.0352 +0.3054 -0.7146 +1.0975 +0.1953 +0.1552 -0.0925 +0.0087 -0.3622 +0.6650 +1.1760 -0.2246 +0.1833 -0.0230 +0.0000 +0.0000 +0.0000 +0.0000 +0.0000 +0.0000

Joint Velocities (dq) [35]:
  +0.0586 +0.1038 +0.0645 +0.2515 -0.1455 -0.0530 +0.0084 +0.0096 +0.0083 +0.2730 +0.0196 -0.0457 +0.2381 -0.0969 +0.1993 -0.0059 +0.1239 +0.0763 -0.1989 +0.0290 -0.1044 -0.1263 -0.0591 -0.0114 +0.0983 +0.0455 +0.1544 -0.0959 -0.0264 +0.0000 +0.0000 +0.0000 +0.0000 +0.0000 +0.0000

Joint Torques (tau) [35]:
  +6.6382 +2.6273 -2.5800 +3.3444 +8.2531 +0.2081 -1.6040 -10.8255 +4.0608 -3.3642 +9.9145 +0.6928 -0.3627 -6.2792 -5.4273 -1.5251 +2.5909 +0.5685 -0.5100 +0.0612 -0.0538 +0.2367 -0.9826 -0.8072 -0.1253 -0.5419 -0.0535 -0.0423 -0.1343 +0.0000 +0.0000 +0.0000 +0.0000 +0.0000 +0.0000
