Step: 10693
Timestamp: 1779743051.6721375

Joint Positions (q) [35]:
  -0.0178 +0.0460 +0.2570 +0.1986 -0.1618 -0.0216 +0.0755 -0.1032 -0.3713 +0.2297 -0.2718 +0.0430 +0.0141 -0.0042 -0.0000 -0.0422 +0.2949 -0.7081 +1.1660 +0.3223 +0.1912 +0.0221 +0.0088 -0.2708 +0.7099 +1.1909 -0.2532 +0.2228 -0.0864 +0.0000 +0.0000 +0.0000 +0.0000 +0.0000 +0.0000

Joint Velocities (dq) [35]:
  -0.2226 -0.0045 -0.2464 +0.3968 -0.2387 +0.1393 +0.0566 -0.0553 -0.4056 +0.0288 +0.0426 -0.1145 -0.0210 +0.1265 +0.2534 -0.0843 -0.1213 -0.0651 +0.0751 -0.0036 +0.0525 +0.0612 -0.0446 -0.2168 +0.0019 -0.1061 +0.5110 -0.0281 +0.1466 +0.0000 +0.0000 +0.0000 +0.0000 +0.0000 +0.0000

Joint Torques (tau) [35]:
  +4.8911 -0.8845 -3.4090 +5.0417 +9.7385 +0.5659 -4.5468 -4.0564 +0.0396 +3.1788 +26.2123 +1.8430 -0.2725 -1.9892 -3.0270 -1.2805 +0.5863 -0.1825 -0.9517 -0.3431 -0.2430 -0.1036 -1.9109 -0.9070 -0.3134 -1.0234 +0.3328 -0.2191 -0.0977 +0.0000 +0.0000 +0.0000 +0.0000 +0.0000 +0.0000
