Step: 7685
Timestamp: 1779742717.4386442

Joint Positions (q) [35]:
  -0.0905 -0.0006 +0.1832 +0.2747 -0.1718 +0.0147 +0.1261 -0.0905 -0.3514 +0.2014 -0.2945 +0.0151 +0.0094 +0.0231 +0.0002 -0.0034 +0.3205 -0.7235 +1.1111 +0.2931 +0.2368 -0.0370 +0.0532 -0.3013 +0.6563 +1.1289 -0.2697 +0.2239 -0.0645 +0.0000 +0.0000 +0.0000 +0.0000 +0.0000 +0.0000

Joint Velocities (dq) [35]:
  -0.0302 +0.0345 -0.0339 +0.0319 -0.1018 -0.0031 +0.0059 +0.0499 -0.0364 -0.0731 +0.2255 -0.0739 +0.1111 +0.0820 -0.0112 +0.0189 +0.0485 +0.0987 -0.2547 +0.0010 +0.1554 -0.0284 +0.0354 -0.1764 +0.1102 -0.2106 +0.1609 +0.0558 +0.0166 +0.0000 +0.0000 +0.0000 +0.0000 +0.0000 +0.0000

Joint Torques (tau) [35]:
  +14.6924 +6.5080 -3.8294 +8.0151 +15.9383 +0.8233 -14.2997 -1.5558 -1.2973 +0.2953 +20.0846 +1.9557 -0.8181 -0.0851 -2.7965 -1.7116 -0.3369 -0.1092 -1.3765 -0.0579 -0.2941 -0.0241 -1.0782 -0.6909 -0.0789 -0.9433 +0.0829 -0.1237 -0.2014 +0.0000 +0.0000 +0.0000 +0.0000 +0.0000 +0.0000
