Step: 10897
Timestamp: 1779743074.4443264

Joint Positions (q) [35]:
  +0.0979 +0.0712 +0.1871 +0.1821 -0.2525 -0.0357 -0.0823 -0.0285 -0.2439 +0.2445 -0.1375 -0.0145 -0.0042 +0.0184 +0.0062 +0.0184 +0.3570 -0.6886 +1.0778 +0.2405 +0.2119 +0.0081 +0.0292 -0.2940 +0.7170 +1.1429 -0.2483 +0.1982 -0.0099 +0.0000 +0.0000 +0.0000 +0.0000 +0.0000 +0.0000

Joint Velocities (dq) [35]:
  +0.0740 -0.0687 -0.0177 -0.1369 +0.0812 +0.0299 -0.0095 -0.0675 -0.0048 +0.0912 -0.1663 +0.0432 +0.0621 +0.0995 +0.0386 -0.0127 -0.3095 +0.0136 -0.1427 -0.0774 -0.1675 +0.0184 -0.0411 -0.0599 +0.0769 -0.0599 +0.1637 -0.0880 +0.0549 +0.0000 +0.0000 +0.0000 +0.0000 +0.0000 +0.0000

Joint Torques (tau) [35]:
  -3.7035 -3.2305 -0.7914 -1.1260 +9.5497 -0.4761 +5.1977 +3.5732 -1.8324 +5.3078 +18.2624 +0.5726 -0.0471 -1.2741 -2.3363 -0.6424 +0.7578 +0.0614 -0.7392 -0.0255 -0.1495 -0.0162 -0.9801 -1.6094 -0.2682 -0.4567 -0.0615 +0.0140 -0.1564 +0.0000 +0.0000 +0.0000 +0.0000 +0.0000 +0.0000
