Step: 12856
Timestamp: 1779743293.2461503

Joint Positions (q) [35]:
  +0.1250 +0.0546 +0.1563 +0.1908 -0.2508 -0.0133 +0.0452 -0.0687 -0.3274 +0.2409 -0.2086 +0.0212 +0.0125 -0.0043 +0.0106 +0.0767 +0.3089 -0.6824 +1.1376 +0.1436 +0.1669 -0.1257 +0.1080 -0.2581 +0.6784 +1.1533 -0.1896 +0.1707 +0.0516 +0.0000 +0.0000 +0.0000 +0.0000 +0.0000 +0.0000

Joint Velocities (dq) [35]:
  -0.0997 -0.0319 +0.0354 -0.0080 -0.0141 +0.0246 -0.2133 -0.0615 +0.0388 +0.1963 +0.0120 +0.0161 +0.0090 -0.0823 +0.0202 -0.0219 +0.0271 +0.1818 -0.1281 +0.0933 -0.0697 -0.1285 -0.0723 -0.1083 -0.0384 -0.1486 -0.2313 -0.1148 +0.0953 +0.0000 +0.0000 +0.0000 +0.0000 +0.0000 +0.0000

Joint Torques (tau) [35]:
  -6.4766 +4.0313 -1.9330 -3.5867 +12.2779 -0.6248 +3.3584 +1.5423 +0.9207 +5.7363 +20.3882 +0.6510 -0.1124 +0.5926 -0.1361 -1.9168 +2.2348 +0.4694 -0.6559 +0.0729 -0.0566 +0.1643 -1.8860 -2.1475 -0.6011 -0.7831 +0.0869 -0.0694 -0.1828 +0.0000 +0.0000 +0.0000 +0.0000 +0.0000 +0.0000
