Step: 7660
Timestamp: 1779742714.6381545

Joint Positions (q) [35]:
  -0.1750 +0.0137 +0.1513 +0.3025 -0.1231 +0.0210 +0.0437 -0.0785 -0.3619 +0.2577 -0.2841 +0.0037 +0.0033 +0.1112 +0.0051 -0.0293 +0.2939 -0.6909 +1.1433 +0.2113 +0.1569 -0.0502 +0.0191 -0.3135 +0.6288 +1.2219 -0.2328 +0.2021 -0.0796 +0.0000 +0.0000 +0.0000 +0.0000 +0.0000 +0.0000

Joint Velocities (dq) [35]:
  +0.2467 -0.0121 -0.1238 -0.2271 +0.1020 -0.0969 +0.2412 +0.0468 -0.1363 -0.1263 +0.0980 -0.0197 -0.0005 -0.2184 +0.1293 -0.0615 +0.0921 +0.2865 -0.0226 +0.4384 -0.2551 -0.0620 +0.2136 +0.0985 -0.2031 -0.0398 +0.3287 -0.1276 +0.1788 +0.0000 +0.0000 +0.0000 +0.0000 +0.0000 +0.0000

Joint Torques (tau) [35]:
  +11.0839 +5.9355 -3.8182 +5.0920 +8.0334 -0.0889 -13.0653 -16.8132 +2.3924 -13.7233 +8.1497 +0.8813 +0.2774 -3.6376 -1.3340 -1.3242 +2.3823 +0.6666 -0.2151 +0.3961 +0.0468 +0.1775 -1.3555 -0.4784 -0.4313 -0.7783 -0.0233 -0.1165 -0.1614 +0.0000 +0.0000 +0.0000 +0.0000 +0.0000 +0.0000
