Step: 7663
Timestamp: 1779742714.9398863

Joint Positions (q) [35]:
  -0.1678 +0.0164 +0.1347 +0.2979 -0.1166 +0.0152 +0.0677 -0.0666 -0.3778 +0.2286 -0.2729 -0.0023 +0.0002 +0.0992 +0.0065 -0.0263 +0.2858 -0.6819 +1.1420 +0.2714 +0.1518 -0.0507 +0.0538 -0.3107 +0.6055 +1.2006 -0.2063 +0.1908 -0.0688 +0.0000 +0.0000 +0.0000 +0.0000 +0.0000 +0.0000

Joint Velocities (dq) [35]:
  +0.1083 +0.0464 +0.1176 -0.0736 -0.0829 -0.0206 +0.0799 +0.0494 +0.1061 -0.1608 +0.1411 -0.0288 +0.1570 +0.0490 +0.0425 -0.0064 -0.1102 -0.2648 -0.0403 +0.2133 +0.1004 +0.0226 +0.1738 -0.0960 +0.0300 -0.1956 +0.1192 -0.0647 +0.0127 +0.0000 +0.0000 +0.0000 +0.0000 +0.0000 +0.0000

Joint Torques (tau) [35]:
  +12.2046 +6.9372 -2.2507 +3.0685 +9.2017 -0.0516 -13.2248 -16.5972 +2.4053 -10.7820 +8.8770 +0.9199 +0.1466 -2.2624 -1.7209 -1.5648 +2.1953 +0.3395 -0.4505 -0.1192 +0.0136 +0.0874 -1.1684 -0.6153 -0.0938 -0.6726 +0.0952 -0.1515 -0.1245 +0.0000 +0.0000 +0.0000 +0.0000 +0.0000 +0.0000
