Step: 5588
Timestamp: 1779742484.0098183

Joint Positions (q) [35]:
  +0.0752 +0.0188 +0.1461 +0.1787 -0.2393 +0.0242 +0.0579 -0.0735 -0.3529 +0.2052 -0.1749 +0.0555 +0.0031 -0.0026 +0.0058 +0.0030 +0.3171 -0.6987 +1.1065 +0.2964 +0.2046 +0.0084 +0.0161 -0.2741 +0.6773 +1.1909 -0.2265 +0.2131 -0.0912 +0.0000 +0.0000 +0.0000 +0.0000 +0.0000 +0.0000

Joint Velocities (dq) [35]:
  +0.0779 +0.0591 +0.0312 -0.0621 +0.0093 -0.0608 +0.0262 +0.0781 +0.1378 -0.0703 +0.2024 -0.0470 +0.1103 +0.1078 -0.0905 +0.0126 -0.0168 +0.1310 +0.0715 -0.1778 -0.0274 -0.0550 +0.0499 -0.0971 -0.0005 +0.0562 +0.3374 +0.0621 +0.1743 +0.0000 +0.0000 +0.0000 +0.0000 +0.0000 +0.0000

Joint Torques (tau) [35]:
  -1.0873 +10.7757 -3.3189 +0.7988 +16.7967 -0.1665 +2.9536 -2.6456 +0.3931 +7.7321 +15.4982 -0.3367 +0.2387 +1.4871 -2.9517 -1.6185 +0.8981 +0.4335 -1.0817 -0.1553 -0.2094 +0.0688 -1.5704 -1.3748 -0.3513 -0.7314 +0.0320 -0.1123 -0.1638 +0.0000 +0.0000 +0.0000 +0.0000 +0.0000 +0.0000
