Step: 2827
Timestamp: 1779742176.0490162

Joint Positions (q) [35]:
  +0.0093 +0.0559 +0.2017 +0.2057 -0.2041 -0.0054 +0.0272 -0.0644 -0.3538 +0.1769 -0.1549 +0.0433 +0.0165 +0.0059 +0.0052 +0.0121 +0.3076 -0.6408 +1.0902 +0.3385 +0.2149 +0.0082 +0.0282 -0.2641 +0.6553 +1.1684 -0.3115 +0.2246 -0.1274 +0.0000 +0.0000 +0.0000 +0.0000 +0.0000 +0.0000

Joint Velocities (dq) [35]:
  +0.0073 +0.0055 -0.0018 -0.0465 -0.0149 -0.0194 -0.0189 +0.0166 +0.0228 -0.0455 +0.2074 +0.0109 +0.0046 +0.0149 -0.0057 -0.0229 -0.0015 -0.0096 +0.0127 +0.0434 -0.0092 -0.0144 -0.0067 +0.0042 -0.0054 +0.0142 -0.0225 +0.0085 -0.0016 +0.0000 +0.0000 +0.0000 +0.0000 +0.0000 +0.0000

Joint Torques (tau) [35]:
  -0.7562 +5.4943 -2.7948 -2.3389 +9.4033 -0.1174 +3.2940 +0.5431 +0.0199 +9.2269 +17.5427 +0.2853 -0.2437 +0.1980 -3.4174 -2.0113 +0.2717 +0.5477 -1.4613 -0.2800 -0.3472 +0.3032 -1.2880 -0.3265 -0.3217 -1.0398 +0.1878 -0.2536 -0.1653 +0.0000 +0.0000 +0.0000 +0.0000 +0.0000 +0.0000
