Step: 933
Timestamp: 1779741965.5145385

Joint Positions (q) [35]:
  -0.0174 +0.0847 +0.1939 +0.2246 -0.2076 -0.0361 -0.1295 -0.0767 -0.3319 +0.2302 -0.0976 -0.0074 -0.0043 +0.1038 +0.0064 -0.0257 +0.3002 -0.6855 +1.1123 +0.2496 +0.1815 -0.0459 +0.0073 -0.3276 +0.6677 +1.1793 -0.2236 +0.1980 -0.0200 +0.0000 +0.0000 +0.0000 +0.0000 +0.0000 +0.0000

Joint Velocities (dq) [35]:
  +0.3351 -0.0308 -0.1781 -0.2198 +0.0346 -0.0462 +0.4367 -0.0162 -0.2867 -0.2342 +0.1305 +0.0541 -0.2338 -0.0546 -0.0332 -0.0003 +0.0635 -0.1730 -0.1212 +0.2463 -0.1073 +0.0539 +0.1035 +0.0331 +0.0182 +0.0157 +0.0623 -0.1780 +0.1213 +0.0000 +0.0000 +0.0000 +0.0000 +0.0000 +0.0000

Joint Torques (tau) [35]:
  -4.5844 -4.5158 -1.9606 -7.3696 +2.8231 -0.7186 +9.7376 +2.1468 -0.3500 +2.5549 +7.4310 +1.0387 -0.3330 -3.2805 -1.7515 -1.0441 +1.4563 +0.3331 -0.3296 -0.2967 -0.1005 +0.2720 -0.2467 -0.6800 -0.0116 -0.3231 +0.0529 -0.1215 -0.0338 +0.0000 +0.0000 +0.0000 +0.0000 +0.0000 +0.0000
