Step: 12529
Timestamp: 1779743256.7509127

Joint Positions (q) [35]:
  +0.0481 +0.0479 +0.1486 +0.1966 -0.2269 -0.0103 -0.0280 -0.0797 -0.3383 +0.2521 -0.1938 +0.0125 +0.0081 +0.0041 +0.0044 +0.0184 +0.3072 -0.7260 +1.1048 +0.2676 +0.2272 -0.0380 +0.0292 -0.2743 +0.7092 +1.1556 -0.2646 +0.2301 -0.0314 +0.0000 +0.0000 +0.0000 +0.0000 +0.0000 +0.0000

Joint Velocities (dq) [35]:
  -0.0637 +0.0039 -0.0301 +0.0456 -0.0707 +0.0283 -0.0295 +0.0008 -0.0315 -0.0100 +0.0455 -0.0181 -0.0228 -0.0217 -0.0030 +0.0467 +0.0733 +0.0408 -0.1332 +0.0319 -0.0286 -0.0528 -0.0116 +0.0295 -0.0512 +0.0231 -0.0681 -0.0021 -0.0379 +0.0000 +0.0000 +0.0000 +0.0000 +0.0000 +0.0000

Joint Torques (tau) [35]:
  -3.8635 +2.6424 +0.0904 -1.9630 +11.1941 -0.4692 +4.9847 +0.5530 -0.5390 +5.3037 +18.7633 +0.5301 -0.4877 +0.2913 -2.5051 -2.1536 +1.0745 +0.5485 -1.2406 -0.1391 -0.2450 +0.1914 -1.1225 -0.8870 -0.2829 -0.8064 +0.1077 -0.1095 -0.0627 +0.0000 +0.0000 +0.0000 +0.0000 +0.0000 +0.0000
