Step: 788
Timestamp: 1779741949.5453012

Joint Positions (q) [35]:
  +0.0883 +0.0844 +0.1888 +0.1705 -0.2499 -0.0232 -0.0374 -0.0690 -0.3211 +0.1960 -0.0955 +0.0549 +0.0034 +0.0204 +0.0084 -0.0428 +0.3030 -0.6818 +1.1251 +0.3328 +0.2172 +0.0109 +0.0077 -0.2569 +0.6923 +1.2007 -0.2891 +0.2357 -0.0562 +0.0000 +0.0000 +0.0000 +0.0000 +0.0000 +0.0000

Joint Velocities (dq) [35]:
  +0.0375 +0.0150 +0.0367 -0.0515 +0.0219 +0.0938 -0.0095 +0.0485 +0.0838 -0.0333 +0.1684 -0.2691 +0.0380 +0.0316 +0.0230 -0.0056 -0.0336 +0.0556 -0.0087 +0.0666 +0.0279 +0.0681 -0.0273 +0.0153 -0.0376 +0.0581 -0.0598 +0.0009 -0.0480 +0.0000 +0.0000 +0.0000 +0.0000 +0.0000 +0.0000

Joint Torques (tau) [35]:
  -6.4889 -2.9182 -0.3083 -1.1549 +15.5883 -1.1112 +10.0159 +9.6725 -0.9948 +12.4815 +17.6140 -0.0154 -0.1266 +0.5197 -3.5398 -1.5891 +0.0481 +0.3606 -1.2334 -0.2559 -0.3000 +0.1726 -1.4069 -0.8397 -0.4235 -0.8579 +0.1762 -0.1298 -0.2239 +0.0000 +0.0000 +0.0000 +0.0000 +0.0000 +0.0000
