Step: 199
Timestamp: 1779741883.7925644

Joint Positions (q) [35]:
  +0.0169 +0.0095 +0.1226 +0.1544 -0.1885 +0.0087 +0.0767 -0.1218 -0.3312 +0.1897 -0.1862 +0.0791 +0.0301 +0.0222 +0.0050 -0.0487 +0.2686 -0.5746 +1.1042 -0.1043 +0.0026 +0.2106 -0.0089 -0.2504 +0.6521 +1.2585 -0.3186 +0.2116 -0.1148 +0.0000 +0.0000 +0.0000 +0.0000 +0.0000 +0.0000

Joint Velocities (dq) [35]:
  +0.0192 +0.1189 -0.0794 +0.0633 -0.0610 -0.0572 +0.1368 +0.1376 -0.2160 -0.1495 +0.2827 -0.1115 -0.0970 +0.0996 +0.0966 -0.1002 +0.1882 -0.2885 +0.1097 -0.4912 -0.0520 -0.2066 -0.0526 -0.1220 +0.0207 -0.0984 +0.0713 -0.0445 +0.0736 +0.0000 +0.0000 +0.0000 +0.0000 +0.0000 +0.0000

Joint Torques (tau) [35]:
  +2.7380 -0.7670 -0.6056 +6.3163 +21.4445 -0.5898 +0.4930 +9.3135 -1.2752 +8.2337 +17.3224 +0.9024 +0.5996 -0.9467 -2.5316 +0.7272 +2.4352 -0.1531 +0.6095 +0.1130 +0.5379 -0.1256 -1.0381 -1.3676 -0.3459 -0.4735 +0.0458 +0.1032 -0.2165 +0.0000 +0.0000 +0.0000 +0.0000 +0.0000 +0.0000
