Step: 316
Timestamp: 1779741896.88204

Joint Positions (q) [35]:
  -0.0457 +0.0288 +0.1323 +0.2501 -0.1789 -0.0050 +0.0921 -0.1021 -0.3858 +0.1789 -0.2175 +0.0563 +0.0238 +0.0080 +0.0042 +0.0025 +0.3210 -0.6954 +1.0823 +0.2813 +0.2103 +0.0044 +0.0386 -0.2949 +0.6784 +1.1337 -0.2628 +0.2316 -0.1251 +0.0000 +0.0000 +0.0000 +0.0000 +0.0000 +0.0000

Joint Velocities (dq) [35]:
  +0.1046 +0.0298 +0.1331 +0.0025 -0.1169 -0.0206 +0.0449 +0.0082 +0.1139 -0.0364 +0.1154 +0.0595 +0.1001 +0.0403 -0.0304 -0.0216 +0.0115 -0.2177 +0.0402 -0.3175 +0.0327 -0.0794 -0.0198 -0.0845 +0.2590 +0.0606 +0.2967 -0.0867 +0.0367 +0.0000 +0.0000 +0.0000 +0.0000 +0.0000 +0.0000

Joint Torques (tau) [35]:
  +1.5893 -1.6761 -0.4037 -1.2625 +10.2690 -0.5804 -3.0664 +4.4951 -0.6779 +2.1470 +11.4147 +1.1331 +0.2827 -0.6287 -1.0583 -1.7840 +1.6243 +0.3655 -0.7540 -0.4654 -0.1596 +0.0102 -1.6691 -1.6882 -0.2380 -0.4156 +0.4440 -0.0776 -0.2462 +0.0000 +0.0000 +0.0000 +0.0000 +0.0000 +0.0000
