Step: 4252
Timestamp: 1779742335.0551481

Joint Positions (q) [35]:
  +0.0818 +0.0247 +0.1440 +0.2155 -0.2997 -0.0050 +0.0080 -0.0980 -0.2863 +0.2468 -0.2103 +0.0454 +0.0117 -0.0180 +0.0087 +0.0194 +0.3038 -0.6735 +1.1174 +0.3227 +0.2117 -0.0047 +0.0255 -0.2752 +0.6537 +1.1702 -0.2804 +0.1771 -0.0811 +0.0000 +0.0000 +0.0000 +0.0000 +0.0000 +0.0000

Joint Velocities (dq) [35]:
  +0.0367 +0.0628 +0.1801 +0.0024 +0.1212 +0.0668 +0.1384 +0.0771 +0.0466 -0.2054 +0.2402 -0.0055 -0.0610 +0.0668 -0.0075 -0.0285 -0.0762 -0.0646 +0.0568 +0.1643 +0.0217 +0.0262 +0.0163 -0.0009 -0.0052 +0.0322 +0.0881 +0.0491 -0.0039 +0.0000 +0.0000 +0.0000 +0.0000 +0.0000 +0.0000

Joint Torques (tau) [35]:
  +3.1128 +6.1769 -0.5155 +11.2452 +36.5554 -0.6915 +1.5521 +2.8784 -0.6744 +7.1947 +18.6634 +0.1880 -0.8134 +2.0781 -4.5167 -1.7666 +0.4707 +0.4188 -1.2912 -0.1846 -0.2541 +0.1101 -0.2424 -1.3531 -0.2298 -0.4376 +0.0751 -0.0313 -0.1155 +0.0000 +0.0000 +0.0000 +0.0000 +0.0000 +0.0000
