Step: 4885
Timestamp: 1779742405.4727345

Joint Positions (q) [35]:
  +0.0398 +0.0605 +0.2036 +0.1997 -0.2422 -0.0085 -0.0958 -0.0537 -0.2901 +0.1891 -0.0733 +0.0179 +0.0246 -0.0289 +0.0026 -0.0078 +0.3499 -0.7139 +1.1164 +0.1772 +0.1834 -0.0469 -0.0019 -0.3082 +0.7484 +1.1602 -0.1544 +0.1774 -0.0281 +0.0000 +0.0000 +0.0000 +0.0000 +0.0000 +0.0000

Joint Velocities (dq) [35]:
  -0.0791 -0.0404 -0.0233 -0.0576 +0.0361 +0.0577 -0.1090 -0.0404 -0.0029 +0.0037 +0.1169 +0.0628 -0.0391 -0.0365 +0.1842 -0.1381 -0.0114 +0.4546 -0.0997 +0.3084 +0.0644 -0.1411 -0.1004 +0.0248 -0.2568 +0.0150 -0.3510 -0.1352 +0.1952 +0.0000 +0.0000 +0.0000 +0.0000 +0.0000 +0.0000

Joint Torques (tau) [35]:
  -6.5159 +2.6954 -3.3591 -6.0691 +10.5952 -1.0132 +7.1131 +3.4144 -0.3385 +9.1798 +13.5776 -0.0263 -0.1384 +2.4274 -1.4038 -1.8833 +1.6118 +0.4492 -0.7503 +0.0991 -0.1068 +0.2323 -1.0980 -2.6390 -0.4162 +0.0003 -0.0399 +0.1669 -0.1475 +0.0000 +0.0000 +0.0000 +0.0000 +0.0000 +0.0000
