Step: 13575
Timestamp: 1779743373.1758742

Joint Positions (q) [35]:
  +0.0314 +0.0383 +0.1748 +0.1972 -0.1813 -0.0184 +0.1068 -0.0998 -0.3720 +0.2096 -0.2466 +0.0653 +0.0197 +0.0046 +0.0134 +0.0032 +0.3123 -0.6965 +1.1380 +0.2646 +0.1605 -0.0594 +0.0297 -0.2882 +0.7146 +1.1764 -0.2221 +0.1944 -0.0066 +0.0000 +0.0000 +0.0000 +0.0000 +0.0000 +0.0000

Joint Velocities (dq) [35]:
  -0.0664 -0.0065 +0.0547 -0.3160 +0.1687 +0.0269 -0.1914 +0.0429 +0.0990 -0.1259 +0.1836 -0.0188 +0.0715 +0.0123 -0.0898 +0.0864 +0.0518 +0.0819 -0.1888 +0.0425 +0.0632 +0.0049 -0.0293 +0.0736 -0.0446 +0.0298 -0.3365 +0.1094 +0.0161 +0.0000 +0.0000 +0.0000 +0.0000 +0.0000 +0.0000

Joint Torques (tau) [35]:
  -0.8223 +3.1327 -1.8100 -2.1417 +8.5795 -0.1730 +1.6190 +1.6350 +1.0535 +7.7631 +23.5150 +1.0207 +0.0837 -0.2995 -3.1407 -1.9143 +1.5424 +0.5625 -0.9402 -0.1495 -0.1258 +0.2138 -1.7409 -1.2571 -0.4211 -0.8944 +0.0566 -0.1365 -0.2229 +0.0000 +0.0000 +0.0000 +0.0000 +0.0000 +0.0000
