Step: 6765
Timestamp: 1779742615.2297707

Joint Positions (q) [35]:
  -0.0370 -0.0055 +0.1757 +0.2191 -0.1511 +0.0360 +0.1174 -0.0730 -0.3209 +0.1776 -0.2171 +0.0671 +0.0325 +0.0061 +0.0038 +0.0112 +0.3005 -0.6913 +1.1153 +0.2841 +0.2030 -0.0347 +0.0326 -0.2870 +0.7097 +1.1598 -0.2678 +0.2144 +0.0075 +0.0000 +0.0000 +0.0000 +0.0000 +0.0000 +0.0000

Joint Velocities (dq) [35]:
  +0.0849 -0.0444 +0.0276 -0.2955 +0.1506 -0.0486 -0.0610 -0.0270 -0.0302 -0.0223 -0.0072 -0.0571 +0.0422 +0.0001 -0.0478 +0.0316 +0.0211 +0.0054 -0.1022 +0.1627 +0.0018 -0.0296 -0.0238 +0.0171 +0.0844 -0.0312 -0.1945 +0.0275 -0.0896 +0.0000 +0.0000 +0.0000 +0.0000 +0.0000 +0.0000

Joint Torques (tau) [35]:
  +3.2370 +10.1977 -5.6613 -3.5057 +4.7109 -0.0293 -2.8299 -1.8546 +0.2505 +5.7744 +16.0754 +0.3139 -0.2169 -1.2400 -2.1109 -1.9764 +1.0632 +0.5245 -1.0753 -0.1304 -0.2226 +0.1505 -1.5495 -1.1720 -0.3810 -0.7311 +0.0510 -0.0965 -0.2403 +0.0000 +0.0000 +0.0000 +0.0000 +0.0000 +0.0000
