Step: 9567
Timestamp: 1779742925.9249678

Joint Positions (q) [35]:
  -0.0158 +0.0098 +0.1552 +0.2256 -0.1994 +0.0304 +0.0389 -0.0711 -0.3443 +0.2028 -0.1829 +0.0420 +0.0109 -0.0127 +0.0069 +0.0309 +0.3179 -0.6857 +1.0821 +0.2845 +0.2229 -0.0403 +0.0347 -0.2774 +0.6794 +1.1397 -0.2840 +0.2203 -0.0440 +0.0000 +0.0000 +0.0000 +0.0000 +0.0000 +0.0000

Joint Velocities (dq) [35]:
  -0.0133 +0.0583 -0.0130 -0.0566 +0.0149 -0.0294 -0.1037 +0.0223 -0.1810 +0.0724 -0.0286 +0.0101 -0.0188 +0.0684 +0.0011 +0.0099 +0.0141 -0.1388 -0.0941 +0.1020 -0.0381 +0.0426 +0.0502 -0.0614 -0.1031 -0.0823 +0.1489 +0.0600 -0.0791 +0.0000 +0.0000 +0.0000 +0.0000 +0.0000 +0.0000

Joint Torques (tau) [35]:
  -0.1015 +12.2447 -4.1545 -3.2764 +9.6513 +0.0451 +2.1501 -3.0642 +0.3171 +7.7707 +15.5893 -0.2440 -0.4990 +0.9679 -3.1434 -1.5966 +0.9766 +0.4543 -1.0250 -0.2299 -0.1941 +0.1224 -0.9673 -1.1313 -0.3708 -0.8148 +0.1051 -0.1051 -0.2296 +0.0000 +0.0000 +0.0000 +0.0000 +0.0000 +0.0000
