Step: 8179
Timestamp: 1779742772.0444868

Joint Positions (q) [35]:
  +0.0083 +0.0136 +0.1227 +0.2443 -0.1992 +0.0043 +0.1290 -0.0889 -0.3875 +0.1831 -0.2265 +0.0566 +0.0213 +0.0105 +0.0067 +0.0088 +0.3253 -0.7155 +1.1123 +0.2428 +0.1686 -0.1240 +0.0511 -0.3011 +0.6987 +1.1540 -0.2092 +0.1938 +0.0160 +0.0000 +0.0000 +0.0000 +0.0000 +0.0000 +0.0000

Joint Velocities (dq) [35]:
  +0.2409 +0.0825 +0.1049 +0.0317 -0.1495 -0.0292 +0.1705 +0.0500 +0.1126 +0.0286 +0.1669 +0.1199 +0.1517 +0.0272 -0.0821 +0.0246 -0.0529 +0.1153 +0.0800 -0.0237 +0.0167 -0.0056 +0.0370 -0.0291 +0.2195 -0.0248 -0.0824 -0.0761 +0.0124 +0.0000 +0.0000 +0.0000 +0.0000 +0.0000 +0.0000

Joint Torques (tau) [35]:
  +2.4897 +5.5921 -4.8284 -0.1973 +12.2975 -0.1927 -4.2918 -0.2082 +1.4273 +3.6872 +14.6325 +0.2751 +0.1592 -0.0032 -1.0178 -1.8831 +1.4259 +0.4925 -0.9856 -0.0825 -0.1831 +0.1169 -1.5142 -1.4457 -0.2218 -0.7051 -0.0869 -0.0960 -0.1117 +0.0000 +0.0000 +0.0000 +0.0000 +0.0000 +0.0000
