Step: 13683
Timestamp: 1779743385.4947038

Joint Positions (q) [35]:
  -0.0435 +0.0373 +0.1252 +0.2516 -0.2047 -0.0117 +0.0625 -0.0958 -0.3733 +0.2070 -0.2461 +0.0538 +0.0007 +0.0432 +0.0042 +0.0319 +0.2944 -0.6801 +1.1235 +0.2617 +0.1651 -0.0509 +0.0480 -0.2916 +0.6249 +1.1708 -0.2899 +0.1851 -0.0453 +0.0000 +0.0000 +0.0000 +0.0000 +0.0000 +0.0000

Joint Velocities (dq) [35]:
  -0.1291 +0.0294 +0.0310 +0.1046 -0.0937 -0.0395 -0.0577 +0.0340 +0.0352 -0.1052 +0.0870 +0.0393 +0.1749 -0.0796 -0.0501 -0.0954 -0.0139 +0.1947 +0.1295 +0.1077 -0.0470 +0.0272 +0.0259 +0.0172 +0.0391 +0.0966 +0.1928 -0.0423 -0.0028 +0.0000 +0.0000 +0.0000 +0.0000 +0.0000 +0.0000

Joint Torques (tau) [35]:
  +0.3394 -1.2242 +0.0934 +2.5312 +15.5027 -0.1403 +1.3403 +2.3865 +0.2193 +5.1201 +20.0082 +1.3677 -0.0453 -1.4838 -2.3201 -0.9401 +2.0724 +0.5407 -0.3338 +0.0274 +0.0068 +0.1731 -1.2151 -0.9027 -0.2983 -0.8428 +0.1939 -0.1656 -0.0808 +0.0000 +0.0000 +0.0000 +0.0000 +0.0000 +0.0000
