Step: 6118
Timestamp: 1779742542.8539648

Joint Positions (q) [35]:
  +0.0391 +0.0050 +0.1249 +0.2149 -0.1897 +0.0099 +0.1149 -0.0764 -0.3956 +0.1958 -0.2281 +0.0228 +0.0125 +0.0180 +0.0055 +0.0160 +0.3081 -0.7036 +1.1075 +0.2916 +0.1865 -0.0900 +0.0580 -0.2797 +0.6884 +1.1574 -0.2556 +0.2189 +0.0309 +0.0000 +0.0000 +0.0000 +0.0000 +0.0000 +0.0000

Joint Velocities (dq) [35]:
  -0.0020 -0.0139 +0.0211 -0.0376 -0.0374 -0.0084 -0.0711 -0.0307 +0.0276 +0.0768 +0.0476 +0.0104 +0.0971 +0.0961 -0.0801 +0.1118 -0.0754 +0.0823 -0.0203 +0.0192 +0.0324 -0.1547 +0.0537 -0.0963 -0.0605 -0.0311 -0.0107 -0.0595 +0.2180 +0.0000 +0.0000 +0.0000 +0.0000 +0.0000 +0.0000

Joint Torques (tau) [35]:
  -0.1665 +9.7909 -5.3611 -2.0751 +7.9291 +0.1840 -4.1792 -8.1983 +3.1885 -0.4976 +11.7432 +0.3238 +0.0385 -0.9612 +0.6650 -1.6649 +1.1429 +0.3718 -0.8394 -0.1117 -0.1392 +0.0030 -1.5515 -1.4564 -0.3908 -0.6718 +0.0357 -0.0478 -0.1600 +0.0000 +0.0000 +0.0000 +0.0000 +0.0000 +0.0000
