Step: 14424
Timestamp: 1779743467.8498867

Joint Positions (q) [35]:
  +0.0552 +0.0434 +0.0659 +0.1775 -0.2126 -0.0107 -0.0585 -0.0785 -0.3096 +0.1878 -0.0851 +0.0122 +0.0201 +0.0085 +0.0071 +0.0083 +0.3263 -0.7389 +1.0790 +0.2647 +0.2116 -0.0576 +0.0213 -0.2801 +0.7258 +1.1546 -0.2580 +0.2313 -0.0420 +0.0000 +0.0000 +0.0000 +0.0000 +0.0000 +0.0000

Joint Velocities (dq) [35]:
  -0.0999 -0.0202 -0.0687 +0.0593 -0.0718 +0.0259 +0.0104 -0.0127 -0.0567 -0.1182 +0.0755 +0.1440 -0.0284 +0.0127 -0.0640 -0.0428 -0.1323 +0.0716 +0.1619 +0.2768 -0.0022 +0.0304 +0.1251 +0.0042 -0.1568 -0.1770 -0.2479 +0.0809 +0.0234 +0.0000 +0.0000 +0.0000 +0.0000 +0.0000 +0.0000

Joint Torques (tau) [35]:
  -9.3488 -4.3432 +1.2732 -6.1366 +5.2055 -0.8006 +10.8681 +6.5776 -1.5431 +7.7693 +10.6770 +0.9006 +0.1631 -0.0083 -2.1821 -1.3635 +0.7688 +0.4317 -0.5701 -0.0674 +0.0844 +0.1315 -1.2338 -0.7154 -0.2106 -0.8535 -0.0334 -0.1247 -0.1362 +0.0000 +0.0000 +0.0000 +0.0000 +0.0000 +0.0000
