Step: 5551
Timestamp: 1779742479.7774093

Joint Positions (q) [35]:
  +0.0194 -0.0007 +0.1628 +0.2094 -0.2272 +0.0211 -0.0496 -0.1201 -0.3475 +0.3350 -0.2365 +0.0509 +0.0259 -0.0492 +0.0031 -0.0296 +0.3034 -0.7256 +1.1428 +0.3431 +0.2363 -0.0305 -0.0196 -0.2855 +0.7045 +1.1484 -0.2398 +0.2400 -0.0624 +0.0000 +0.0000 +0.0000 +0.0000 +0.0000 +0.0000

Joint Velocities (dq) [35]:
  +0.2495 -0.0210 +0.1739 -0.2728 +0.0026 +0.0349 -0.0352 -0.0047 +0.2165 +0.1000 +0.2419 +0.1005 +0.1630 -0.0235 +0.0497 -0.2391 -0.1618 -0.0031 +0.3508 +0.2106 -0.0228 +0.1968 -0.2404 -0.0252 +0.0920 +0.1462 +0.0444 -0.0557 -0.0919 +0.0000 +0.0000 +0.0000 +0.0000 +0.0000 +0.0000

Joint Torques (tau) [35]:
  -1.7314 +9.6757 -3.3594 -0.5901 +16.7586 -0.1126 +3.6928 -1.5599 +0.9587 +5.7599 +16.8497 -0.5839 +0.0426 +1.6199 -2.8769 -1.7338 +0.3039 +0.4706 -1.1366 -0.2772 -0.2046 +0.1866 -2.0348 -1.0949 -0.6209 -1.1387 +0.2520 -0.2257 -0.2195 +0.0000 +0.0000 +0.0000 +0.0000 +0.0000 +0.0000
