Step: 8499
Timestamp: 1779742807.9265592

Joint Positions (q) [35]:
  +0.1073 +0.0534 +0.2137 +0.1758 -0.2666 -0.0030 -0.1554 -0.0600 -0.3444 +0.1729 +0.0344 -0.0204 +0.0207 -0.0149 +0.0232 -0.0144 +0.3345 -0.6990 +1.1551 +0.1659 +0.1805 -0.0159 -0.0384 -0.3104 +0.7335 +1.1691 -0.2447 +0.1423 -0.0384 +0.0000 +0.0000 +0.0000 +0.0000 +0.0000 +0.0000

Joint Velocities (dq) [35]:
  +0.0028 +0.0368 -0.1865 -0.0506 +0.0172 +0.0403 +0.0632 -0.0042 -0.1532 -0.0679 +0.0490 +0.0047 -0.1275 -0.0052 +0.0300 +0.1122 +0.0184 +0.2351 +0.0685 -0.4473 -0.0906 -0.3283 +0.1900 -0.0126 -0.2958 +0.0299 +0.1277 -0.1290 +0.1355 +0.0000 +0.0000 +0.0000 +0.0000 +0.0000 +0.0000

Joint Torques (tau) [35]:
  -16.9525 +3.0973 -0.8175 -10.7838 +7.0139 -0.7557 +22.0443 +6.4367 -0.4765 +18.4909 +16.2412 +0.3667 +0.0029 +1.6269 -3.7735 -0.8371 +2.3456 +0.4340 -0.0048 +0.0272 +0.1732 +0.1547 -0.5829 -2.6180 -0.4151 +0.0710 -0.0277 +0.1934 -0.1600 +0.0000 +0.0000 +0.0000 +0.0000 +0.0000 +0.0000
