Step: 14101
Timestamp: 1779743431.832895

Joint Positions (q) [35]:
  +0.0337 +0.0025 +0.0432 +0.2244 -0.2387 +0.0264 -0.0835 -0.0837 -0.3088 +0.2521 -0.1202 +0.0093 +0.0049 -0.0062 +0.0100 +0.0229 +0.3113 -0.7244 +1.1108 +0.2367 +0.2245 -0.0331 +0.0355 -0.2850 +0.6974 +1.1307 -0.2606 +0.2136 +0.0058 +0.0000 +0.0000 +0.0000 +0.0000 +0.0000 +0.0000

Joint Velocities (dq) [35]:
  +0.0293 +0.0120 -0.0155 -0.0264 -0.0203 -0.0010 +0.0313 +0.0176 -0.0149 -0.0491 +0.0358 -0.0057 +0.0567 +0.0420 +0.0308 -0.0269 +0.0260 -0.0785 -0.0925 +0.0550 -0.0008 -0.0511 +0.0003 -0.0285 +0.0533 -0.0086 +0.0951 +0.0338 -0.0961 +0.0000 +0.0000 +0.0000 +0.0000 +0.0000 +0.0000

Joint Torques (tau) [35]:
  -9.9267 +6.3824 +1.1384 -9.0177 +6.4378 -0.6998 +11.5425 +1.5179 -1.4900 +8.6878 +12.4375 +0.2219 -0.3919 +1.1393 -2.6516 -2.2128 +0.9946 +0.5245 -1.3094 -0.0827 -0.3182 +0.2851 -1.3198 -1.2649 -0.3652 -0.7679 +0.0808 -0.0905 -0.1965 +0.0000 +0.0000 +0.0000 +0.0000 +0.0000 +0.0000
