Step: 15739
Timestamp: 1779743614.6288338

Joint Positions (q) [35]:
  +0.0779 +0.0332 +0.0236 +0.2050 -0.2544 +0.0007 -0.0348 -0.0777 -0.3571 +0.2463 -0.1634 +0.0123 +0.0065 +0.0169 +0.0055 +0.0231 +0.3105 -0.7071 +1.1001 +0.2689 +0.2210 -0.1440 +0.0422 -0.2695 +0.6732 +1.1592 -0.2900 +0.2302 +0.0432 +0.0000 +0.0000 +0.0000 +0.0000 +0.0000 +0.0000

Joint Velocities (dq) [35]:
  -0.0711 +0.0183 -0.0175 +0.0245 -0.0660 -0.0134 -0.0042 +0.0330 -0.0163 -0.1128 +0.0183 +0.0800 -0.0143 +0.0454 -0.0306 -0.0467 -0.0962 +0.1712 +0.1237 +0.2161 -0.0172 +0.0879 -0.0054 +0.0136 -0.1145 +0.0751 -0.0639 -0.0243 +0.0242 +0.0000 +0.0000 +0.0000 +0.0000 +0.0000 +0.0000

Joint Torques (tau) [35]:
  -10.6392 +1.0512 -0.0302 -4.7615 +10.8303 -0.4680 +12.8952 -0.0167 +0.9637 +7.6875 +17.5079 +0.4243 -0.0081 +0.3442 -2.2285 -1.9084 +1.8009 +1.0410 -0.6832 -0.0094 -0.1951 +0.2073 -0.9879 -1.7423 -0.5347 -0.4523 +0.0628 -0.1646 -0.0546 +0.0000 +0.0000 +0.0000 +0.0000 +0.0000 +0.0000
