Step: 7811
Timestamp: 1779742731.4549294

Joint Positions (q) [35]:
  -0.1424 +0.0001 +0.1563 +0.2992 -0.1461 +0.0244 +0.1258 -0.0790 -0.3953 +0.1828 -0.2805 +0.0180 +0.0380 +0.0105 +0.0042 -0.0074 +0.3016 -0.6927 +1.0919 +0.3494 +0.1981 -0.0545 +0.0514 -0.3103 +0.6904 +1.1229 -0.2568 +0.1962 -0.0858 +0.0000 +0.0000 +0.0000 +0.0000 +0.0000 +0.0000

Joint Velocities (dq) [35]:
  -0.2353 +0.0501 -0.1001 +0.2540 -0.1631 +0.0036 -0.0602 +0.0673 -0.1007 -0.0746 +0.1408 -0.0055 +0.0687 +0.0547 +0.1888 -0.1171 -0.0177 +0.1202 +0.0404 -0.0514 -0.0347 +0.0296 -0.0812 -0.0915 +0.0145 +0.0203 +0.2799 -0.0399 +0.0908 +0.0000 +0.0000 +0.0000 +0.0000 +0.0000 +0.0000

Joint Torques (tau) [35]:
  +10.2144 +2.9656 -2.9472 +4.2968 +10.4220 +0.3255 -10.8855 -6.8426 +0.6605 -2.9648 +13.8744 +1.4128 -0.2691 -1.2539 -2.2648 -1.9914 +1.3049 +0.5236 -1.0644 -0.1147 -0.1502 +0.1646 -1.2219 -1.1415 -0.3150 -0.7853 +0.0038 -0.1127 -0.1669 +0.0000 +0.0000 +0.0000 +0.0000 +0.0000 +0.0000
