Step: 13028
Timestamp: 1779743312.2984788

Joint Positions (q) [35]:
  +0.0505 +0.0470 +0.1359 +0.2067 -0.2284 -0.0133 -0.0243 -0.0835 -0.3448 +0.2688 -0.2028 +0.0097 +0.0048 -0.0010 +0.0030 +0.0009 +0.3109 -0.7379 +1.1332 +0.2423 +0.2134 -0.0540 +0.0062 -0.2841 +0.7224 +1.1519 -0.2914 +0.2055 -0.0618 +0.0000 +0.0000 +0.0000 +0.0000 +0.0000 +0.0000

Joint Velocities (dq) [35]:
  +0.0198 +0.0645 +0.0521 +0.0421 -0.0801 +0.0066 +0.0526 +0.0827 +0.0445 -0.1146 +0.1544 -0.0085 +0.0787 +0.0658 +0.0204 -0.1009 -0.0659 -0.0514 +0.1941 -0.2103 -0.0328 +0.0547 -0.0167 -0.0678 +0.1582 +0.0191 +0.1508 -0.0527 +0.0063 +0.0000 +0.0000 +0.0000 +0.0000 +0.0000 +0.0000

Joint Torques (tau) [35]:
  -6.2032 +3.5371 -1.6492 -4.2756 +9.6698 -0.3282 +6.6044 +0.4231 +1.1609 +6.4330 +20.3176 +0.4170 +0.6110 +2.2883 -1.5245 -1.6773 +1.2076 +0.5740 -0.8557 -0.0849 -0.0807 +0.0924 -1.3671 -0.9709 -0.4694 -0.3287 +0.3570 +0.1244 +0.0941 +0.0000 +0.0000 +0.0000 +0.0000 +0.0000 +0.0000
