Step: 11356
Timestamp: 1779743125.6810331

Joint Positions (q) [35]:
  +0.1097 +0.0668 +0.2210 +0.1808 -0.2767 -0.0242 -0.0815 -0.0398 -0.3254 +0.2430 -0.1420 -0.0119 -0.0060 +0.0175 +0.0095 -0.0069 +0.2840 -0.6654 +1.1253 +0.2563 +0.1976 -0.0024 +0.0279 -0.2657 +0.6930 +1.1757 -0.2792 +0.2023 -0.0387 +0.0000 +0.0000 +0.0000 +0.0000 +0.0000 +0.0000

Joint Velocities (dq) [35]:
  -0.0311 +0.0123 +0.0011 -0.0016 -0.0034 -0.0064 +0.0102 +0.0258 -0.0102 -0.1092 +0.1428 -0.0151 +0.0208 -0.0170 -0.0432 -0.0140 -0.0475 +0.0693 +0.0580 +0.2024 -0.0123 +0.0310 +0.0762 +0.0445 -0.1370 -0.0319 -0.1718 +0.0099 -0.1227 +0.0000 +0.0000 +0.0000 +0.0000 +0.0000 +0.0000

Joint Torques (tau) [35]:
  -7.8738 +3.3935 -1.6893 -2.5651 +12.9172 +0.0729 +11.4685 +0.3071 +1.2415 +10.4693 +23.7251 +0.1447 -0.1817 +0.8467 -3.5093 -1.7477 +1.1443 +0.3252 -1.0375 +0.0658 -0.2563 +0.2841 -1.0435 -0.5502 -0.2706 -0.8854 +0.1695 -0.2086 -0.0473 +0.0000 +0.0000 +0.0000 +0.0000 +0.0000 +0.0000
