Step: 2143
Timestamp: 1779742100.23716

Joint Positions (q) [35]:
  +0.0318 +0.0644 +0.1889 +0.1773 -0.1866 -0.0284 -0.0298 -0.0671 -0.3136 +0.2174 -0.1586 +0.0102 -0.0126 +0.0700 +0.0032 -0.0168 +0.2849 -0.7259 +1.1243 +0.3054 +0.1989 -0.0315 +0.0686 -0.2956 +0.6439 +1.1566 -0.2200 +0.1990 -0.0379 +0.0000 +0.0000 +0.0000 +0.0000 +0.0000 +0.0000

Joint Velocities (dq) [35]:
  +0.1556 +0.0149 +0.1653 -0.0285 -0.1571 -0.0117 +0.0379 +0.0155 +0.1596 +0.0356 +0.0364 +0.0843 +0.1051 -0.0566 -0.0006 +0.0251 -0.0441 +0.1841 +0.0475 +0.1524 +0.0462 -0.0564 +0.1026 -0.0131 -0.0236 -0.2006 -0.2621 +0.0013 -0.0359 +0.0000 +0.0000 +0.0000 +0.0000 +0.0000 +0.0000

Joint Torques (tau) [35]:
  +3.4027 +0.3818 -2.5132 +2.5318 +10.2940 -0.5571 -2.6148 -1.0950 -0.1264 +0.9211 +12.3530 +0.3324 +0.3270 -1.9807 -2.4888 -1.3689 +1.4029 +0.4482 -0.6664 -0.1266 -0.0694 +0.1318 -1.2446 -1.0692 -0.2987 -0.7456 +0.0555 -0.1254 -0.1101 +0.0000 +0.0000 +0.0000 +0.0000 +0.0000 +0.0000
