Step: 10168
Timestamp: 1779742992.993035

Joint Positions (q) [35]:
  +0.1102 +0.0779 +0.1623 +0.1940 -0.2963 -0.0332 -0.1802 -0.0293 -0.2947 +0.3001 -0.1173 -0.0358 -0.0082 +0.0371 +0.0234 -0.0063 +0.2877 -0.6596 +1.1638 +0.2338 +0.2240 +0.0265 +0.0001 -0.2644 +0.6545 +1.1938 -0.2725 +0.2212 -0.0878 +0.0000 +0.0000 +0.0000 +0.0000 +0.0000 +0.0000

Joint Velocities (dq) [35]:
  -0.1639 +0.0641 -0.0489 -0.0074 +0.0093 -0.0900 -0.0126 +0.1888 +0.0363 -0.3091 +0.0751 -0.0512 -0.0323 +0.1217 +0.1093 -0.1297 +0.0364 -0.2818 +0.0946 -0.4906 -0.0595 -0.0843 -0.0601 -0.1630 +0.3560 -0.1765 +0.2852 +0.0242 -0.0666 +0.0000 +0.0000 +0.0000 +0.0000 +0.0000 +0.0000

Joint Torques (tau) [35]:
  -22.7706 -18.1099 +4.2864 -7.6822 +8.9595 -0.5855 +31.8806 +1.1296 +5.5787 +11.1566 +23.6929 +1.9016 -0.6650 -0.4302 -5.4251 -1.5958 +2.0041 +0.4356 -0.5361 -0.0417 +0.0431 +0.1532 -0.2247 -0.1850 -0.0348 -0.6535 +0.0617 -0.1033 -0.0583 +0.0000 +0.0000 +0.0000 +0.0000 +0.0000 +0.0000
