Step: 246
Timestamp: 1779741889.2624953

Joint Positions (q) [35]:
  +0.0044 +0.0202 +0.1190 +0.1729 -0.1866 +0.0049 +0.0845 -0.1112 -0.3644 +0.1759 -0.1730 +0.0734 +0.0090 +0.0173 +0.0048 -0.0522 +0.3310 -0.6076 +1.0628 +0.1475 +0.1205 +0.1790 +0.0293 -0.2713 +0.6575 +1.1666 -0.3093 +0.2427 -0.0968 +0.0000 +0.0000 +0.0000 +0.0000 +0.0000 +0.0000

Joint Velocities (dq) [35]:
  -0.1228 +0.1051 -0.0435 +0.0668 -0.0731 -0.0486 -0.0558 +0.1058 -0.1246 -0.1136 +0.3231 +0.0076 +0.0924 +0.0632 -0.1136 -0.0027 +0.0095 -0.1382 +0.0282 -0.0743 -0.0464 +0.0184 +0.0627 -0.0691 +0.0752 -0.0469 +0.0740 -0.0096 -0.0271 +0.0000 +0.0000 +0.0000 +0.0000 +0.0000 +0.0000

Joint Torques (tau) [35]:
  +0.0769 -0.9209 -1.3989 +3.0214 +16.3240 -0.3174 +2.1605 +9.3492 -1.3653 +10.2359 +17.2916 +0.8765 +1.2769 -0.1888 -2.3035 +1.1841 +1.0562 -0.3104 +0.2023 +0.0277 +0.2411 -0.5385 -1.4231 -1.3212 -0.4013 -0.8565 -0.0067 -0.0744 -0.2778 +0.0000 +0.0000 +0.0000 +0.0000 +0.0000 +0.0000
