Step: 13534
Timestamp: 1779743368.6199338

Joint Positions (q) [35]:
  -0.0610 +0.0496 +0.2180 +0.2245 -0.1624 -0.0118 -0.0165 -0.1016 -0.3106 +0.2682 -0.2402 +0.0432 +0.0147 -0.0370 -0.0009 -0.0390 +0.3126 -0.6887 +1.1986 +0.2620 +0.1678 +0.0030 -0.0160 -0.2627 +0.6727 +1.1996 -0.2909 +0.1952 -0.0802 +0.0000 +0.0000 +0.0000 +0.0000 +0.0000 +0.0000

Joint Velocities (dq) [35]:
  +0.4755 -0.0444 -0.0660 -0.3664 +0.1132 -0.0818 +0.3296 +0.0027 -0.0658 +0.0068 -0.0441 -0.1410 -0.0712 +0.0270 +0.1479 -0.0117 +0.0032 -0.0874 -0.0152 +0.0054 -0.0098 -0.0012 +0.0324 +0.0775 +0.0345 +0.0789 +0.0951 +0.0466 +0.0280 +0.0000 +0.0000 +0.0000 +0.0000 +0.0000 +0.0000

Joint Torques (tau) [35]:
  +2.8081 +0.9610 -1.7601 -0.7164 +6.6971 -0.1797 -0.6660 -2.5182 +0.9286 +2.7467 +21.1840 +1.1910 -0.0241 -1.7702 -2.1449 -1.3371 +1.2692 +0.3146 -0.7158 -0.1517 -0.1759 +0.0678 -1.2909 -1.1714 -0.3273 -0.5740 +0.1039 -0.0921 -0.1434 +0.0000 +0.0000 +0.0000 +0.0000 +0.0000 +0.0000
