Step: 14590
Timestamp: 1779743486.2964935

Joint Positions (q) [35]:
  +0.0671 +0.0352 +0.1169 +0.1770 -0.2261 +0.0174 -0.0358 -0.0709 -0.3118 +0.2025 -0.0948 +0.0192 +0.0369 +0.0053 +0.0117 +0.0131 +0.3214 -0.7159 +1.1226 +0.1961 +0.1906 -0.0642 +0.0113 -0.2862 +0.7312 +1.1748 -0.2547 +0.1921 -0.0157 +0.0000 +0.0000 +0.0000 +0.0000 +0.0000 +0.0000

Joint Velocities (dq) [35]:
  -0.0434 +0.0332 +0.0636 +0.1316 -0.1379 +0.0042 -0.0775 +0.0196 +0.1107 +0.0899 -0.1461 -0.0187 +0.0325 -0.0176 -0.0135 -0.0226 +0.0515 +0.1762 +0.1102 -0.1616 -0.1031 -0.2148 +0.0457 -0.1219 -0.0770 -0.1128 +0.1608 -0.1331 +0.1623 +0.0000 +0.0000 +0.0000 +0.0000 +0.0000 +0.0000

Joint Torques (tau) [35]:
  -9.8333 +3.3119 -1.5323 -6.4204 +8.9528 -1.1200 +10.7767 +5.9698 -0.6063 +12.0832 +15.3809 +0.7400 -0.0763 +0.4565 -2.5565 -1.9522 +1.7454 +0.4995 -0.7557 +0.0093 -0.1676 +0.1782 -1.5956 -2.2008 -0.3999 -0.5593 -0.0506 +0.0126 -0.1327 +0.0000 +0.0000 +0.0000 +0.0000 +0.0000 +0.0000
