Step: 6950
Timestamp: 1779742635.8566704

Joint Positions (q) [35]:
  -0.1006 -0.0128 +0.1782 +0.2601 -0.1451 +0.0425 +0.1010 -0.0810 -0.3629 +0.1941 -0.2582 +0.0366 +0.0346 -0.0034 +0.0045 +0.0140 +0.3169 -0.6871 +1.0687 +0.3080 +0.2154 -0.0237 +0.0310 -0.2790 +0.6839 +1.1605 -0.2771 +0.2178 -0.1109 +0.0000 +0.0000 +0.0000 +0.0000 +0.0000 +0.0000

Joint Velocities (dq) [35]:
  -0.0802 +0.0635 -0.0077 +0.1423 -0.1635 -0.0658 -0.0314 +0.0448 -0.0120 +0.0037 +0.0640 -0.0034 -0.0094 +0.0386 -0.0381 +0.0502 -0.0071 +0.0640 -0.0579 +0.0528 +0.0260 +0.0066 -0.0037 -0.0232 -0.0367 -0.0170 +0.0098 +0.0524 +0.0236 +0.0000 +0.0000 +0.0000 +0.0000 +0.0000 +0.0000

Joint Torques (tau) [35]:
  +9.4282 +8.6916 -3.8186 +1.9691 +10.3344 +0.2704 -8.6209 -2.6886 -0.6447 +0.4027 +12.8952 +0.9662 -0.2307 -0.0615 -3.3806 -2.0058 +0.6283 +0.5411 -1.4041 -0.2654 -0.3266 +0.1195 -1.3309 -0.6070 -0.3142 -0.9294 +0.1113 -0.1954 -0.2371 +0.0000 +0.0000 +0.0000 +0.0000 +0.0000 +0.0000
