Step: 6439
Timestamp: 1779742578.7245297

Joint Positions (q) [35]:
  -0.0566 +0.0277 +0.2012 +0.2641 -0.1982 +0.0192 +0.0617 -0.0601 -0.3551 +0.1822 -0.2146 +0.0301 +0.0200 +0.0084 +0.0048 +0.0067 +0.3051 -0.6822 +1.1094 +0.2652 +0.2166 +0.0378 +0.0390 -0.2845 +0.6922 +1.1455 -0.2601 +0.2188 -0.1403 +0.0000 +0.0000 +0.0000 +0.0000 +0.0000 +0.0000

Joint Velocities (dq) [35]:
  -0.0120 +0.0109 -0.0307 +0.0054 -0.0419 -0.0176 +0.0079 +0.0170 -0.0236 -0.0425 +0.1427 +0.0193 -0.0465 +0.0269 -0.0118 +0.0039 -0.0089 -0.0121 +0.0108 +0.0361 -0.0018 +0.0234 +0.0026 -0.0196 +0.0060 -0.0305 +0.0029 +0.0017 -0.0445 +0.0000 +0.0000 +0.0000 +0.0000 +0.0000 +0.0000

Joint Torques (tau) [35]:
  +2.7470 +8.5483 -4.8088 -1.4341 +10.8273 +0.2130 -1.3089 -3.8527 +0.9638 +3.9293 +14.1230 +0.5259 -0.0454 -0.1502 -3.2077 -2.1282 +0.4071 +0.6201 -1.4376 -0.2932 -0.3625 +0.2977 -1.6067 -0.3989 -0.3311 -1.1632 +0.1232 -0.2833 -0.2721 +0.0000 +0.0000 +0.0000 +0.0000 +0.0000 +0.0000
