Step: 1918
Timestamp: 1779742075.2651167

Joint Positions (q) [35]:
  +0.0464 +0.0663 +0.1789 +0.1905 -0.2175 -0.0245 -0.0120 -0.0729 -0.3479 +0.2114 -0.1571 +0.0337 +0.0086 +0.0067 +0.0054 +0.0031 +0.3195 -0.7280 +1.0816 +0.2991 +0.2248 -0.0438 +0.0370 -0.2793 +0.7104 +1.1362 -0.2683 +0.2389 -0.0539 +0.0000 +0.0000 +0.0000 +0.0000 +0.0000 +0.0000

Joint Velocities (dq) [35]:
  +0.0180 +0.0066 -0.0699 +0.0074 -0.0409 -0.0006 +0.0693 +0.0009 -0.0866 -0.0543 +0.1622 +0.0662 -0.0374 +0.0307 +0.0515 -0.0898 +0.0041 -0.1746 +0.0730 -0.0824 -0.0476 -0.0296 -0.1134 -0.0409 +0.1886 +0.0960 +0.3156 +0.0260 +0.0839 +0.0000 +0.0000 +0.0000 +0.0000 +0.0000 +0.0000

Joint Torques (tau) [35]:
  -2.2002 +3.0468 -1.7915 -1.2613 +11.7044 -0.4819 +4.2072 +1.7890 -0.5222 +7.9266 +17.1496 -0.0677 +0.2968 +0.6899 -2.8467 -1.6472 +1.3684 +0.5153 -0.8906 -0.1264 -0.0863 +0.1041 -1.2964 -1.1184 -0.2794 -0.7957 +0.0639 -0.1007 -0.0827 +0.0000 +0.0000 +0.0000 +0.0000 +0.0000 +0.0000
