Step: 613
Timestamp: 1779741930.1294487

Joint Positions (q) [35]:
  +0.0943 +0.0882 +0.1769 +0.1714 -0.2407 -0.0320 -0.0254 -0.0718 -0.3706 +0.1870 -0.0957 +0.0438 +0.0069 +0.0206 +0.0091 +0.0035 +0.3142 -0.7206 +1.1006 +0.2988 +0.1944 -0.0951 +0.0368 -0.2818 +0.7000 +1.1528 -0.2858 +0.2062 +0.0116 +0.0000 +0.0000 +0.0000 +0.0000 +0.0000 +0.0000

Joint Velocities (dq) [35]:
  -0.0179 -0.0391 +0.0164 -0.0362 +0.0131 +0.0096 -0.0365 -0.0459 -0.0818 -0.0112 +0.1127 -0.0251 -0.0213 +0.0273 +0.0221 -0.1089 -0.0865 -0.0753 +0.1307 +0.1513 -0.0103 +0.1345 -0.0143 -0.0424 +0.1205 -0.1255 -0.0457 +0.0752 +0.0363 +0.0000 +0.0000 +0.0000 +0.0000 +0.0000 +0.0000

Joint Torques (tau) [35]:
  -7.1157 -1.7398 -2.6414 -3.1283 +11.4592 -0.8044 +9.7966 +7.2888 -0.3051 +13.0080 +18.1008 +0.0849 +0.5176 -0.1259 -2.8093 -1.2399 +0.9975 +0.3373 -0.7685 -0.0091 -0.0858 +0.1203 -1.4765 -1.1933 -0.3125 -0.8472 -0.0011 -0.1273 -0.1820 +0.0000 +0.0000 +0.0000 +0.0000 +0.0000 +0.0000
