Step: 2422
Timestamp: 1779742131.2864678

Joint Positions (q) [35]:
  +0.0026 +0.0528 +0.1807 +0.2252 -0.2224 -0.0101 -0.0152 -0.0785 -0.3160 +0.2206 -0.1821 +0.0368 +0.0200 +0.0003 +0.0081 -0.0194 +0.2912 -0.7038 +1.1484 +0.3030 +0.2227 -0.0228 +0.0127 -0.2577 +0.6982 +1.1889 -0.2774 +0.2389 -0.0656 +0.0000 +0.0000 +0.0000 +0.0000 +0.0000 +0.0000

Joint Velocities (dq) [35]:
  +0.1761 -0.1062 +0.1242 -0.1636 -0.0432 +0.0504 -0.0903 -0.1388 +0.1314 +0.2940 -0.0815 +0.1072 +0.2034 -0.1724 -0.0399 +0.0605 +0.0270 -0.1006 +0.0510 -0.2301 +0.0389 +0.0479 -0.0025 -0.0384 +0.0247 -0.0245 +0.3280 +0.0395 -0.0153 +0.0000 +0.0000 +0.0000 +0.0000 +0.0000 +0.0000

Joint Torques (tau) [35]:
  +0.6830 -1.4591 +1.1239 -0.1291 +8.5648 -0.1413 +3.8426 -0.1613 +1.0667 +5.5324 +15.3931 +0.7069 +0.3433 -1.7624 -4.5977 -1.2772 +0.4937 +0.4757 -0.8655 -0.3216 -0.1920 +0.0437 -1.8854 -0.8406 -0.5227 -1.2077 +0.2355 -0.2142 -0.1882 +0.0000 +0.0000 +0.0000 +0.0000 +0.0000 +0.0000
