Step: 11656
Timestamp: 1779743159.1681416

Joint Positions (q) [35]:
  +0.1132 +0.0634 +0.2108 +0.1893 -0.2823 -0.0204 -0.0835 -0.0497 -0.3305 +0.2753 -0.1653 -0.0090 +0.0074 +0.0086 +0.0068 +0.0106 +0.3082 -0.7006 +1.1446 +0.2715 +0.2322 -0.0371 +0.0253 -0.2703 +0.7061 +1.1737 -0.2109 +0.2365 -0.0616 +0.0000 +0.0000 +0.0000 +0.0000 +0.0000 +0.0000

Joint Velocities (dq) [35]:
  +0.0550 -0.1787 -0.2086 +0.1385 -0.0276 +0.1052 -0.0309 -0.3090 -0.1400 +0.5744 -0.4289 +0.0437 +0.0853 -0.1735 +0.0624 -0.0266 -0.2366 +0.4029 +0.0886 -0.4609 +0.0690 +0.0421 +0.0400 -0.0643 -0.0394 -0.1083 +0.3329 +0.0010 +0.0892 +0.0000 +0.0000 +0.0000 +0.0000 +0.0000 +0.0000

Joint Torques (tau) [35]:
  -8.0251 -1.5782 -0.3802 -2.5395 +8.7314 +0.3773 +12.1012 -4.7637 +3.6453 +9.2751 +20.7142 +0.3934 +0.2549 -1.0812 -3.7946 -1.7871 +0.0999 +0.1361 -1.0399 +0.1764 -0.2939 +0.1045 -1.8638 -0.5662 -0.2635 -0.6039 +0.0052 -0.1913 -0.0733 +0.0000 +0.0000 +0.0000 +0.0000 +0.0000 +0.0000
