Step: 10663
Timestamp: 1779743048.2353528

Joint Positions (q) [35]:
  -0.0622 +0.0055 +0.2843 +0.2295 -0.2049 +0.0304 +0.0116 -0.1477 -0.2883 +0.2757 -0.2677 +0.0918 +0.0096 -0.0700 +0.0023 -0.0740 +0.3102 -0.7271 +1.2191 +0.3008 +0.1694 +0.0408 -0.0458 -0.2538 +0.7224 +1.2404 -0.2439 +0.1578 -0.0962 +0.0000 +0.0000 +0.0000 +0.0000 +0.0000 +0.0000

Joint Velocities (dq) [35]:
  +0.3707 +0.1849 -0.0543 -0.1986 +0.0784 -0.1422 +0.4127 +0.2447 -0.1587 -0.3030 +0.2609 -0.1608 -0.0939 +0.2606 +0.1613 +0.0497 -0.0840 +0.0195 +0.0050 -0.0448 -0.0872 +0.2141 +0.0728 -0.0369 -0.1205 +0.0861 +0.0920 +0.0374 +0.0180 +0.0000 +0.0000 +0.0000 +0.0000 +0.0000 +0.0000

Joint Torques (tau) [35]:
  +7.2119 +3.8002 -2.5221 +4.3641 +20.0405 +0.0076 -4.0988 +4.7013 -0.2910 +3.5937 +24.0108 +0.6221 -0.3966 +0.0461 -3.7948 -1.8472 +0.6561 +0.4513 -1.0477 -0.2860 -0.2429 +0.0007 -0.4316 -1.5153 -0.2474 -0.0909 +0.0586 +0.1021 -0.0927 +0.0000 +0.0000 +0.0000 +0.0000 +0.0000 +0.0000
