Step: 7074
Timestamp: 1779742649.5953672

Joint Positions (q) [35]:
  -0.0601 -0.0207 +0.1543 +0.2490 -0.1388 +0.0299 +0.1688 -0.0762 -0.4009 +0.1789 -0.2695 +0.0432 +0.0313 +0.0037 +0.0102 +0.0230 +0.3293 -0.7011 +1.0882 +0.2318 +0.1910 -0.1271 +0.0288 -0.2843 +0.6764 +1.1696 -0.2931 +0.2005 -0.0476 +0.0000 +0.0000 +0.0000 +0.0000 +0.0000 +0.0000

Joint Velocities (dq) [35]:
  -0.0289 +0.0489 -0.0212 +0.0901 -0.0965 -0.0305 -0.0198 +0.0358 +0.0154 +0.0300 +0.1843 +0.0072 +0.0074 +0.0282 -0.0516 +0.1751 +0.1552 +0.0526 -0.2893 -0.0327 -0.0650 -0.3646 -0.0124 +0.0010 -0.0158 +0.0985 -0.0151 +0.0095 +0.2221 +0.0000 +0.0000 +0.0000 +0.0000 +0.0000 +0.0000

Joint Torques (tau) [35]:
  +8.1660 +8.5297 -6.1589 +1.8329 +8.8605 +0.2004 -7.9898 -5.4497 +0.9946 +2.3520 +15.9543 +0.9485 +0.0743 -0.2431 -2.3766 -0.9940 +2.3720 +0.3916 -0.2790 +0.0567 +0.0837 +0.0858 -1.1074 -1.6730 -0.2737 -0.4188 -0.0769 +0.0617 -0.2016 +0.0000 +0.0000 +0.0000 +0.0000 +0.0000 +0.0000
