Step: 5950
Timestamp: 1779742524.2689462

Joint Positions (q) [35]:
  -0.0029 +0.0285 +0.1833 +0.2156 -0.1974 +0.0103 +0.0253 -0.0662 -0.3811 +0.1974 -0.1894 +0.0182 +0.0210 -0.0024 +0.0051 +0.0076 +0.3175 -0.7137 +1.0836 +0.2983 +0.2218 -0.0428 +0.0134 -0.2665 +0.7184 +1.1685 -0.2742 +0.2466 -0.0748 +0.0000 +0.0000 +0.0000 +0.0000 +0.0000 +0.0000

Joint Velocities (dq) [35]:
  -0.0622 +0.0407 +0.0075 +0.1215 -0.1034 -0.0291 +0.0519 +0.0639 +0.0082 -0.1619 +0.0864 -0.1229 +0.0993 -0.0180 -0.0724 +0.0469 +0.0568 +0.1039 -0.0819 -0.0122 -0.0425 -0.0116 +0.0461 +0.0445 +0.0111 +0.0952 -0.0676 -0.0715 -0.0954 +0.0000 +0.0000 +0.0000 +0.0000 +0.0000 +0.0000

Joint Torques (tau) [35]:
  +0.1181 +8.6930 -2.8771 -2.6797 +7.3864 +0.1693 +0.7752 -5.8418 +1.8746 +3.6595 +13.8503 +0.6196 -0.7071 -0.0210 -2.6855 -2.2434 +0.3109 +0.5244 -1.4275 -0.2288 -0.3229 +0.2417 -1.1886 -0.3709 -0.3550 -0.9205 +0.2139 -0.1978 -0.1365 +0.0000 +0.0000 +0.0000 +0.0000 +0.0000 +0.0000
