Step: 8833
Timestamp: 1779742844.6526022

Joint Positions (q) [35]:
  +0.0653 +0.0254 +0.1265 +0.1905 -0.2563 +0.0318 +0.0046 -0.0712 -0.3418 +0.2155 -0.1394 +0.0352 +0.0031 -0.0010 +0.0078 +0.0069 +0.3169 -0.7155 +1.0963 +0.2989 +0.2126 -0.0304 +0.0132 -0.2674 +0.6871 +1.1885 -0.2625 +0.2137 -0.0323 +0.0000 +0.0000 +0.0000 +0.0000 +0.0000 +0.0000

Joint Velocities (dq) [35]:
  -0.0033 +0.0604 +0.0916 -0.0419 +0.0185 -0.0347 -0.0446 +0.0693 -0.0137 -0.1046 +0.0964 -0.0005 +0.0557 +0.0743 +0.0252 -0.0383 +0.0298 +0.0886 -0.1099 +0.0366 +0.0482 -0.1203 +0.0137 -0.0259 -0.0934 +0.0063 +0.0187 +0.0361 +0.0058 +0.0000 +0.0000 +0.0000 +0.0000 +0.0000 +0.0000

Joint Torques (tau) [35]:
  -2.6860 +12.8059 -1.3203 +0.8761 +20.8167 -0.5585 +4.6654 -1.8100 +0.2056 +7.5226 +14.3073 -0.3345 -0.8863 +1.4874 -2.8777 -2.2655 +0.4601 +0.5263 -1.4113 -0.1963 -0.3096 +0.1078 -0.8932 -1.1591 -0.3706 -0.6693 +0.1482 -0.1117 -0.1756 +0.0000 +0.0000 +0.0000 +0.0000 +0.0000 +0.0000
