Step: 11377
Timestamp: 1779743128.0592096

Joint Positions (q) [35]:
  +0.1054 +0.0635 +0.2270 +0.1819 -0.2733 -0.0192 -0.0830 -0.0403 -0.3193 +0.2319 -0.1282 -0.0109 -0.0048 +0.0206 +0.0060 -0.0075 +0.2964 -0.6404 +1.1260 +0.3378 +0.2157 +0.0107 +0.0371 -0.2570 +0.6623 +1.1741 -0.3146 +0.2093 -0.0637 +0.0000 +0.0000 +0.0000 +0.0000 +0.0000 +0.0000

Joint Velocities (dq) [35]:
  -0.0183 -0.0009 -0.0130 +0.0038 -0.0227 +0.0235 +0.0281 +0.0077 -0.0226 -0.0968 +0.1094 +0.0273 -0.0174 +0.0385 -0.0129 +0.0056 -0.0870 +0.0950 +0.0245 +0.1726 +0.0568 -0.0263 +0.0290 -0.0327 -0.0756 -0.0410 -0.0085 -0.0167 +0.0620 +0.0000 +0.0000 +0.0000 +0.0000 +0.0000 +0.0000

Joint Torques (tau) [35]:
  -9.2863 +4.4995 -1.9433 -3.9145 +12.5961 -0.0354 +12.2171 +1.0825 +0.7192 +11.5646 +22.7540 -0.0467 +0.2661 -0.0759 -2.9781 -1.8003 +0.3002 +0.3621 -1.3131 -0.1456 -0.4045 +0.2527 -1.3982 -0.5951 -0.2350 -0.9361 +0.1080 -0.1880 -0.0931 +0.0000 +0.0000 +0.0000 +0.0000 +0.0000 +0.0000
