Step: 4675
Timestamp: 1779742382.274849

Joint Positions (q) [35]:
  +0.0660 +0.0578 +0.1493 +0.2023 -0.2405 -0.0242 -0.0112 -0.0669 -0.3076 +0.2449 -0.1959 +0.0110 -0.0203 +0.0400 +0.0056 +0.0039 +0.3231 -0.7177 +1.0942 +0.2749 +0.1828 -0.1108 +0.0547 -0.2939 +0.6577 +1.1608 -0.2226 +0.1807 -0.0041 +0.0000 +0.0000 +0.0000 +0.0000 +0.0000 +0.0000

Joint Velocities (dq) [35]:
  -0.0468 +0.0225 -0.0772 +0.0681 -0.0960 -0.0135 +0.0561 +0.0271 -0.0824 -0.0924 +0.0479 -0.0518 +0.0248 -0.0758 -0.0441 +0.0561 +0.0685 +0.1474 -0.1826 +0.2692 -0.0099 -0.1695 -0.0275 -0.0385 +0.0117 -0.0748 -0.1428 -0.0435 +0.0891 +0.0000 +0.0000 +0.0000 +0.0000 +0.0000 +0.0000

Joint Torques (tau) [35]:
  -0.5878 +1.1040 -1.5387 +1.3459 +15.4409 -0.4105 +0.6814 +0.6236 -0.6016 +2.9202 +17.8114 +0.6520 +0.4013 -0.5194 -1.8860 -1.5052 +1.6715 +0.4302 -0.7559 +0.0234 -0.0537 +0.1332 -1.2584 -1.4353 -0.2440 -0.6827 -0.0513 -0.0877 -0.1381 +0.0000 +0.0000 +0.0000 +0.0000 +0.0000 +0.0000
