Step: 2105
Timestamp: 1779742095.989731

Joint Positions (q) [35]:
  +0.0424 +0.0700 +0.1962 +0.1929 -0.2166 -0.0237 -0.0083 -0.0608 -0.3067 +0.1989 -0.1509 +0.0373 +0.0188 +0.0120 +0.0058 +0.0015 +0.3022 -0.6853 +1.1097 +0.3083 +0.2209 -0.0029 +0.0337 -0.2693 +0.6892 +1.1550 -0.2999 +0.2339 -0.0830 +0.0000 +0.0000 +0.0000 +0.0000 +0.0000 +0.0000

Joint Velocities (dq) [35]:
  -0.0200 +0.0034 -0.0038 -0.0372 +0.0091 -0.0047 -0.0390 +0.0052 -0.0223 -0.0399 +0.2765 +0.0159 -0.0039 -0.0165 +0.0114 +0.0233 +0.0007 +0.0699 -0.0061 -0.0221 +0.0370 +0.0644 +0.0077 +0.0177 -0.0752 -0.0102 -0.0503 +0.0059 -0.0538 +0.0000 +0.0000 +0.0000 +0.0000 +0.0000 +0.0000

Joint Torques (tau) [35]:
  -3.3797 +0.9222 -1.4401 -2.8478 +8.4965 -0.3242 +5.7156 +3.7574 -0.9115 +9.4589 +17.5228 +0.4519 +0.0978 -0.2001 -3.1044 -1.6812 +0.0743 +0.4342 -1.3358 -0.2774 -0.3321 +0.1904 -1.4967 -0.5405 -0.3505 -1.0564 +0.1592 -0.2217 -0.1322 +0.0000 +0.0000 +0.0000 +0.0000 +0.0000 +0.0000
