Step: 1784
Timestamp: 1779742060.4647255

Joint Positions (q) [35]:
  +0.0547 +0.0681 +0.1927 +0.1759 -0.2064 -0.0264 -0.0217 -0.0722 -0.3488 +0.2109 -0.1461 +0.0272 +0.0118 +0.0052 +0.0089 -0.0378 +0.3135 -0.7745 +1.1069 +0.2163 +0.1836 -0.0334 +0.0001 -0.2886 +0.7829 +1.1664 -0.2106 +0.2189 -0.0421 +0.0000 +0.0000 +0.0000 +0.0000 +0.0000 +0.0000

Joint Velocities (dq) [35]:
  +0.0041 +0.0417 +0.0799 +0.0668 -0.0993 -0.0433 -0.0042 +0.0481 +0.0934 -0.0453 +0.1893 -0.0392 +0.0091 -0.0046 -0.0726 +0.0585 -0.2030 -0.0781 +0.0265 -0.1398 -0.0545 -0.0282 +0.0565 -0.0058 -0.0425 -0.0173 +0.0550 +0.0364 +0.0234 +0.0000 +0.0000 +0.0000 +0.0000 +0.0000 +0.0000

Joint Torques (tau) [35]:
  -4.7712 +1.7807 -2.2135 -3.3640 +7.3958 -0.4528 +5.6646 +1.0593 +0.2113 +7.9099 +16.0677 +0.3606 +0.5028 +0.5982 -2.6561 -1.2832 +2.1492 +0.4912 -0.3703 +0.0579 -0.0470 +0.1867 -1.3999 -0.9887 -0.2057 -0.7271 +0.0416 -0.0891 +0.0185 +0.0000 +0.0000 +0.0000 +0.0000 +0.0000 +0.0000
