Step: 8375
Timestamp: 1779742794.0307183

Joint Positions (q) [35]:
  -0.0656 +0.0282 +0.1855 +0.2481 -0.1676 +0.0087 +0.0557 -0.0788 -0.3705 +0.2115 -0.2251 +0.0442 +0.0309 +0.0189 +0.0112 -0.0233 +0.2967 -0.7169 +1.1526 +0.2223 +0.2079 +0.0091 -0.0033 -0.2866 +0.7054 +1.1891 -0.2577 +0.2177 -0.1147 +0.0000 +0.0000 +0.0000 +0.0000 +0.0000 +0.0000

Joint Velocities (dq) [35]:
  -0.0066 -0.0408 -0.1515 -0.1170 +0.0764 -0.0535 +0.1367 +0.0312 -0.2971 -0.3232 +0.0521 -0.1437 -0.1826 -0.0518 -0.0645 +0.0243 +0.1270 -0.2898 +0.0677 -0.4128 -0.0935 -0.3060 -0.0412 +0.0101 -0.0713 +0.0099 -0.0239 -0.0164 +0.1028 +0.0000 +0.0000 +0.0000 +0.0000 +0.0000 +0.0000

Joint Torques (tau) [35]:
  +3.7006 +5.1547 -3.9288 -0.3411 +8.0409 -0.0608 -1.4171 -4.6916 +0.9934 +3.5838 +15.9701 +0.8678 -0.0243 -0.8008 -3.4969 -1.1355 +1.4854 +0.3670 -0.4863 -0.1088 -0.0449 -0.0172 -1.0972 -0.8071 -0.2551 -0.6794 +0.0217 -0.1012 -0.1309 +0.0000 +0.0000 +0.0000 +0.0000 +0.0000 +0.0000
