Step: 12030
Timestamp: 1779743200.9355721

Joint Positions (q) [35]:
  +0.0429 +0.0591 +0.1625 +0.2232 -0.2456 -0.0094 -0.0216 -0.0710 -0.3552 +0.2394 -0.1851 +0.0098 +0.0172 +0.0098 +0.0074 +0.0181 +0.3146 -0.7191 +1.1023 +0.2251 +0.2312 -0.0531 +0.0244 -0.2769 +0.7360 +1.1626 -0.2467 +0.2281 -0.0514 +0.0000 +0.0000 +0.0000 +0.0000 +0.0000 +0.0000

Joint Velocities (dq) [35]:
  +0.0209 +0.0056 +0.0232 -0.0004 -0.0592 +0.0256 +0.0118 +0.0096 +0.0180 -0.0190 +0.0702 +0.0054 +0.0120 +0.0829 +0.0064 -0.0186 -0.1382 +0.0759 +0.0977 +0.2046 +0.0487 +0.0763 +0.0202 +0.0161 -0.0215 +0.0167 -0.1365 +0.0139 -0.0785 +0.0000 +0.0000 +0.0000 +0.0000 +0.0000 +0.0000

Joint Torques (tau) [35]:
  -4.1238 +3.2545 -0.9837 -3.0550 +12.2629 -0.4142 +6.1443 +1.0491 +0.9520 +7.4047 +20.9045 +0.5688 -0.7306 +0.3144 -3.3119 -2.6566 +1.0268 +0.6292 -1.5464 -0.0499 -0.4697 +0.4902 -1.1151 -0.5821 -0.2933 -0.8605 +0.1240 -0.1411 -0.1417 +0.0000 +0.0000 +0.0000 +0.0000 +0.0000 +0.0000
