Step: 3657
Timestamp: 1779742268.8029315

Joint Positions (q) [35]:
  +0.1148 +0.0443 +0.1969 +0.1827 -0.2605 +0.0182 +0.0319 -0.0719 -0.2857 +0.1953 -0.1306 +0.0268 -0.0387 -0.0160 +0.0021 +0.0244 +0.3170 -0.6892 +1.1071 +0.3190 +0.2085 +0.0367 +0.0039 -0.2900 +0.6354 +1.1299 -0.3136 +0.1710 -0.2023 +0.0000 +0.0000 +0.0000 +0.0000 +0.0000 +0.0000

Joint Velocities (dq) [35]:
  -0.0520 +0.0228 +0.0725 -0.0138 -0.0449 -0.0342 -0.0657 +0.0267 -0.0593 -0.0769 +0.1137 -0.0366 +0.0090 +0.0895 -0.1236 +0.0135 -0.0502 -0.0592 -0.0083 +0.1439 -0.0209 +0.0475 +0.0776 -0.0356 -0.0100 -0.0968 -0.0983 +0.0646 -0.0670 +0.0000 +0.0000 +0.0000 +0.0000 +0.0000 +0.0000

Joint Torques (tau) [35]:
  -4.6647 +7.2897 -2.9622 -0.2806 +19.6432 -1.0124 +3.0027 +1.8514 -0.4335 +7.6666 +14.4972 +0.3936 +0.5609 +4.5001 +0.3052 -1.7485 +0.5280 +0.4852 -1.1686 -0.2079 -0.2220 +0.2678 +0.0731 -0.6013 +0.3236 +0.4724 +0.1473 +0.2531 +1.1865 +0.0000 +0.0000 +0.0000 +0.0000 +0.0000 +0.0000
