Step: 15018
Timestamp: 1779743534.1553445

Joint Positions (q) [35]:
  +0.0654 +0.0250 +0.0739 +0.1768 -0.2197 +0.0208 +0.0206 -0.0704 -0.3385 +0.1913 -0.1267 +0.0231 +0.0314 +0.0206 +0.0063 +0.0171 +0.2886 -0.6894 +1.0941 +0.3381 +0.2429 -0.0955 +0.0175 -0.2598 +0.6871 +1.1865 -0.3096 +0.2603 -0.0306 +0.0000 +0.0000 +0.0000 +0.0000 +0.0000 +0.0000

Joint Velocities (dq) [35]:
  -0.0271 +0.0244 +0.0097 +0.0449 -0.0818 +0.0198 -0.0241 +0.0179 -0.0272 -0.0392 -0.0847 +0.0025 -0.0394 -0.0193 -0.0145 +0.0060 +0.0489 -0.0585 -0.0297 -0.0739 -0.0191 -0.0522 +0.0120 +0.0036 +0.0112 -0.0234 -0.0161 -0.0550 -0.0724 +0.0000 +0.0000 +0.0000 +0.0000 +0.0000 +0.0000

Joint Torques (tau) [35]:
  -5.5368 +8.1643 -1.2290 -3.4774 +11.3514 -0.6023 +6.9582 +0.3047 -0.9177 +10.5468 +15.8686 +0.2920 -0.2382 +0.7606 -2.3273 -1.2732 +0.9111 +0.3943 -0.8866 +0.0200 -0.0829 +0.0864 -0.8765 -0.3824 -0.3020 -0.6879 +0.1406 -0.0917 +0.0333 +0.0000 +0.0000 +0.0000 +0.0000 +0.0000 +0.0000
