Step: 7188
Timestamp: 1779742662.2557259

Joint Positions (q) [35]:
  -0.1174 +0.0025 +0.1973 +0.2878 -0.1495 +0.0395 +0.1199 -0.0612 -0.3353 +0.1770 -0.2600 +0.0279 +0.0327 +0.0092 +0.0023 -0.0144 +0.3019 -0.6661 +1.1110 +0.2767 +0.2183 +0.0817 +0.0364 -0.2930 +0.6760 +1.1451 -0.2678 +0.2120 -0.1886 +0.0000 +0.0000 +0.0000 +0.0000 +0.0000 +0.0000

Joint Velocities (dq) [35]:
  +0.0183 +0.0119 +0.0011 -0.0329 -0.0457 -0.0343 -0.0064 +0.0099 +0.0035 -0.0185 +0.1303 +0.0386 +0.0083 +0.0127 -0.0088 +0.0017 +0.0040 -0.0032 -0.0061 +0.0091 +0.0024 +0.0041 -0.0044 -0.0153 -0.0090 -0.0132 -0.0054 -0.0022 -0.0158 +0.0000 +0.0000 +0.0000 +0.0000 +0.0000 +0.0000

Joint Torques (tau) [35]:
  +10.4567 +6.7896 -4.0479 +2.2077 +9.8133 +0.1653 -10.6060 -3.0198 -0.2840 -0.9869 +12.4926 +1.0503 -0.2465 -0.7645 -2.7253 -1.9081 +0.1692 +0.4478 -1.3877 -0.2833 -0.3827 +0.2166 -1.3856 -0.2365 -0.3150 -1.1130 +0.1620 -0.3007 -0.2512 +0.0000 +0.0000 +0.0000 +0.0000 +0.0000 +0.0000
