Step: 3224
Timestamp: 1779742220.3784876

Joint Positions (q) [35]:
  -0.0422 +0.0559 +0.1730 +0.2591 -0.1935 -0.0145 +0.0133 -0.0694 -0.3788 +0.2282 -0.2088 +0.0059 -0.0149 +0.0978 +0.0078 +0.0214 +0.3355 -0.7184 +1.0501 +0.2056 +0.1567 -0.0756 +0.0479 -0.3333 +0.6508 +1.1712 -0.1693 +0.1734 -0.0390 +0.0000 +0.0000 +0.0000 +0.0000 +0.0000 +0.0000

Joint Velocities (dq) [35]:
  +0.3740 -0.1037 +0.0560 -0.3319 -0.0132 -0.0214 +0.1660 -0.0967 +0.0370 +0.0688 -0.0376 +0.1004 +0.0388 -0.2918 -0.1211 +0.1768 -0.0842 +0.0651 +0.1350 +0.2351 +0.0951 -0.0638 +0.1411 +0.1697 -0.0859 +0.0794 +0.1200 -0.0180 +0.1443 +0.0000 +0.0000 +0.0000 +0.0000 +0.0000 +0.0000

Joint Torques (tau) [35]:
  +4.1201 +4.8739 -3.5719 +1.7578 +10.7020 -0.1704 -4.2048 -7.0899 +2.5849 -2.9699 +10.6702 +0.3797 -0.3663 -2.8748 -2.0962 -1.4931 +1.8706 +0.4491 -0.6870 +0.0112 -0.1058 +0.1073 -0.8293 -1.0079 -0.1775 -0.4977 -0.0291 -0.0407 -0.0856 +0.0000 +0.0000 +0.0000 +0.0000 +0.0000 +0.0000
