Step: 13649
Timestamp: 1779743381.6991427

Joint Positions (q) [35]:
  -0.0400 +0.0516 +0.1947 +0.2490 -0.1896 -0.0081 +0.0328 -0.0975 -0.3495 +0.2412 -0.2374 +0.0453 +0.0371 +0.0313 +0.0074 +0.0034 +0.2835 -0.6768 +1.1485 +0.2285 +0.2066 +0.0515 +0.0155 -0.2801 +0.6804 +1.1971 -0.2817 +0.2076 -0.1218 +0.0000 +0.0000 +0.0000 +0.0000 +0.0000 +0.0000

Joint Velocities (dq) [35]:
  -0.2869 +0.0841 +0.0420 +0.3900 -0.1859 +0.0266 -0.3079 -0.0142 +0.0883 +0.3623 -0.0848 -0.0294 +0.0334 +0.1874 +0.1638 -0.0755 -0.0667 +0.0012 +0.0561 -0.1554 -0.0500 -0.1450 -0.1398 -0.1346 -0.0662 -0.0598 -0.1739 -0.0676 +0.0084 +0.0000 +0.0000 +0.0000 +0.0000 +0.0000 +0.0000

Joint Torques (tau) [35]:
  +1.0634 +5.3161 -3.0849 -0.5904 +14.4419 -0.0852 +0.4595 +2.5231 +1.7702 +5.2001 +19.1267 +0.0176 -0.2105 +0.3090 -2.5616 -1.4430 +0.6973 +0.3209 -0.9600 -0.1567 -0.1622 +0.0113 -1.5124 -0.9170 -0.3983 -0.8589 +0.1296 -0.1253 -0.2917 +0.0000 +0.0000 +0.0000 +0.0000 +0.0000 +0.0000
