Step: 10313
Timestamp: 1779743009.3914475

Joint Positions (q) [35]:
  +0.1035 +0.0534 +0.1409 +0.1730 -0.2800 -0.0032 -0.1409 -0.0408 -0.3110 +0.1995 -0.0526 -0.0157 -0.0169 +0.0309 +0.0138 -0.0163 +0.3188 -0.7201 +1.1026 +0.3024 +0.2149 -0.0423 +0.0157 -0.2902 +0.7265 +1.1590 -0.2298 +0.1902 -0.0707 +0.0000 +0.0000 +0.0000 +0.0000 +0.0000 +0.0000

Joint Velocities (dq) [35]:
  -0.0605 -0.0390 -0.0692 -0.0255 +0.0099 +0.0501 -0.0233 -0.0465 -0.0550 -0.0455 +0.0826 +0.0479 +0.0272 -0.0185 -0.0342 +0.0068 -0.3318 +0.0979 -0.1034 -0.1073 -0.1350 -0.0966 -0.0254 +0.0193 +0.0397 +0.1179 +0.1242 -0.0328 +0.0274 +0.0000 +0.0000 +0.0000 +0.0000 +0.0000 +0.0000

Joint Torques (tau) [35]:
  -18.1654 +1.5811 +1.3215 -8.8222 +12.4026 -0.5106 +22.5284 +7.0584 +0.1167 +16.9452 +21.5459 +0.3387 -0.3351 -0.3244 -3.6077 -1.6321 +1.9292 +0.3619 -0.8168 -0.0640 -0.1722 +0.1632 -0.8346 -1.7903 -0.3874 -0.4967 +0.1756 -0.0175 -0.0577 +0.0000 +0.0000 +0.0000 +0.0000 +0.0000 +0.0000
