Step: 8560
Timestamp: 1779742814.5200214

Joint Positions (q) [35]:
  +0.1349 +0.0457 +0.1644 +0.1683 -0.2594 +0.0080 -0.0986 -0.0664 -0.3273 +0.2243 -0.0324 +0.0146 -0.0011 -0.0178 +0.0090 +0.0265 +0.3023 -0.6872 +1.1396 +0.2880 +0.2034 -0.0168 -0.0110 -0.2639 +0.6662 +1.1801 -0.3603 +0.1744 +0.0076 +0.0000 +0.0000 +0.0000 +0.0000 +0.0000 +0.0000

Joint Velocities (dq) [35]:
  +0.0615 +0.0331 -0.0973 +0.0265 -0.0414 -0.0134 +0.1530 +0.0183 -0.1241 -0.1209 -0.1275 -0.0072 -0.0719 +0.1398 +0.1417 -0.0527 -0.0192 -0.1061 -0.1369 +0.1789 -0.0225 +0.0875 +0.0114 +0.0562 +0.0282 +0.1032 +0.0272 +0.0560 -0.1845 +0.0000 +0.0000 +0.0000 +0.0000 +0.0000 +0.0000

Joint Torques (tau) [35]:
  -17.8731 +6.3974 +0.5158 -10.4848 +9.5569 -0.7157 +18.7044 +4.0694 +0.1105 +14.6846 +14.5728 -0.0491 -0.5047 +2.5961 -1.0015 -2.1440 +0.7849 +0.4960 -1.1017 -0.1558 -0.1908 +0.1472 -1.1290 -0.9059 -0.2795 -0.6453 +0.1620 -0.1196 -0.0095 +0.0000 +0.0000 +0.0000 +0.0000 +0.0000 +0.0000
