Step: 7293
Timestamp: 1779742673.8879457

Joint Positions (q) [35]:
  -0.1333 +0.0014 +0.1949 +0.2959 -0.1438 +0.0408 +0.1238 -0.0598 -0.3534 +0.1784 -0.2683 +0.0243 +0.0337 +0.0102 +0.0014 -0.0058 +0.3001 -0.6710 +1.1077 +0.2785 +0.2199 +0.0552 +0.0407 -0.2886 +0.6813 +1.1474 -0.2708 +0.2165 -0.1721 +0.0000 +0.0000 +0.0000 +0.0000 +0.0000 +0.0000

Joint Velocities (dq) [35]:
  -0.0450 -0.0369 -0.1563 +0.0362 -0.0578 -0.0224 +0.0582 +0.0087 -0.1634 -0.0741 +0.1160 +0.0294 -0.0916 +0.0449 -0.0427 +0.0330 -0.0506 +0.0399 +0.0740 +0.0081 -0.0177 +0.0417 -0.0023 +0.0626 -0.0530 +0.0907 -0.1011 +0.0196 -0.0518 +0.0000 +0.0000 +0.0000 +0.0000 +0.0000 +0.0000

Joint Torques (tau) [35]:
  +9.7000 +5.8393 -4.5649 +1.8079 +9.4997 +0.0226 -10.0404 -3.0105 -0.0835 -1.4780 +11.5285 +0.9726 -0.0448 +0.0393 -2.5599 -1.7940 +0.4924 +0.4808 -1.2376 -0.2747 -0.2964 +0.1793 -1.4515 -0.1926 -0.2930 -1.1394 +0.1736 -0.3040 -0.1955 +0.0000 +0.0000 +0.0000 +0.0000 +0.0000 +0.0000
