Step: 11747
Timestamp: 1779743169.315128

Joint Positions (q) [35]:
  +0.0119 +0.0518 +0.1736 +0.2417 -0.2478 -0.0012 -0.1201 -0.0658 -0.2962 +0.2719 -0.1395 -0.0090 -0.0055 +0.0674 +0.0092 +0.0385 +0.3170 -0.6499 +1.0814 +0.2245 +0.2002 -0.0617 +0.0259 -0.3106 +0.6206 +1.1563 -0.2838 +0.1768 -0.0474 +0.0000 +0.0000 +0.0000 +0.0000 +0.0000 +0.0000

Joint Velocities (dq) [35]:
  +0.2179 +0.0002 +0.0399 -0.2822 -0.0016 -0.0151 +0.1225 +0.0477 +0.0292 -0.1071 -0.1088 +0.0056 -0.0108 -0.0937 -0.0990 +0.2231 -0.0252 +0.1126 -0.0069 +0.1911 -0.0410 +0.0240 +0.2062 +0.0388 -0.1516 -0.0726 -0.0350 -0.1276 +0.1086 +0.0000 +0.0000 +0.0000 +0.0000 +0.0000 +0.0000

Joint Torques (tau) [35]:
  -4.2469 +4.8713 +0.0832 -3.6972 +9.6892 -0.5019 +6.6963 -2.7476 +0.7749 +2.6210 +13.7791 +0.1154 -0.9200 -1.3682 -3.3443 -1.9809 +1.9730 +0.4960 -1.0726 +0.0639 -0.2696 +0.3065 -0.7822 -1.0414 -0.2155 -0.7119 +0.0498 -0.1177 -0.1234 +0.0000 +0.0000 +0.0000 +0.0000 +0.0000 +0.0000
