Step: 5212
Timestamp: 1779742441.908957

Joint Positions (q) [35]:
  +0.1128 +0.0362 +0.1530 +0.1906 -0.2762 +0.0180 +0.0410 -0.0638 -0.2880 +0.2171 -0.1528 +0.0584 +0.0092 -0.0076 +0.0083 +0.0373 +0.3151 -0.6868 +1.1006 +0.2608 +0.2169 -0.0239 +0.0209 -0.2648 +0.6990 +1.1885 -0.2648 +0.2063 -0.0007 +0.0000 +0.0000 +0.0000 +0.0000 +0.0000 +0.0000

Joint Velocities (dq) [35]:
  +0.0191 +0.0077 -0.0006 -0.0893 +0.0929 -0.0257 +0.0246 +0.0189 -0.0527 -0.1033 +0.0211 -0.0041 -0.0689 +0.0704 +0.0167 -0.0133 -0.0529 -0.1388 -0.0585 +0.3515 -0.0771 +0.0723 -0.0375 +0.0199 -0.0807 +0.0252 -0.1956 +0.0099 -0.0793 +0.0000 +0.0000 +0.0000 +0.0000 +0.0000 +0.0000

Joint Torques (tau) [35]:
  -1.7906 +8.4052 -1.8802 +3.1562 +24.1555 -0.9268 +2.4528 +0.2970 -0.2617 +7.3922 +14.9001 -0.6696 -0.4292 +1.2546 -2.2417 -2.0635 +0.7478 +0.5208 -1.1621 -0.1305 -0.2384 +0.2341 -1.1984 -1.3489 -0.3434 -0.5760 +0.0497 -0.0624 -0.1516 +0.0000 +0.0000 +0.0000 +0.0000 +0.0000 +0.0000
