Step: 10927
Timestamp: 1779743077.858062

Joint Positions (q) [35]:
  +0.1384 +0.0692 +0.1667 +0.1843 -0.2696 -0.0355 -0.0396 -0.0362 -0.2624 +0.2621 -0.1675 -0.0045 +0.0121 +0.0128 +0.0045 +0.0297 +0.3358 -0.6936 +1.0862 +0.2710 +0.1860 -0.1091 +0.0721 -0.3213 +0.7333 +1.0760 -0.2455 +0.1775 +0.1129 +0.0000 +0.0000 +0.0000 +0.0000 +0.0000 +0.0000

Joint Velocities (dq) [35]:
  +0.0104 +0.0446 +0.0128 +0.0246 +0.0564 +0.0355 +0.1002 +0.0617 -0.0162 -0.1848 +0.1555 +0.0146 -0.0385 +0.0384 +0.0172 -0.1045 -0.0449 -0.1272 +0.1087 +0.0036 -0.0523 +0.0046 +0.0114 -0.0086 +0.0404 +0.0166 +0.0717 -0.0299 +0.1482 +0.0000 +0.0000 +0.0000 +0.0000 +0.0000 +0.0000

Joint Torques (tau) [35]:
  -4.2711 +1.8413 -2.8077 -2.2778 +10.2892 -0.0853 +3.0736 -0.2563 -1.6108 +4.5401 +21.2453 +0.2725 -0.2465 +1.3560 -0.7231 -1.2079 +1.6752 +0.0733 -0.4467 +0.1107 +0.0595 +0.1201 -1.2704 -1.4689 -0.3552 -0.4418 -0.0086 -0.0532 -0.1134 +0.0000 +0.0000 +0.0000 +0.0000 +0.0000 +0.0000
