Step: 8195
Timestamp: 1779742773.9731233

Joint Positions (q) [35]:
  -0.0192 +0.0279 +0.1550 +0.2063 -0.1648 -0.0022 +0.0750 -0.0751 -0.3664 +0.1760 -0.2013 +0.0489 +0.0284 +0.0110 +0.0069 -0.0063 +0.3136 -0.7155 +1.1215 +0.2862 +0.1641 -0.0884 +0.0203 -0.3078 +0.7087 +1.1405 -0.2905 +0.1775 -0.0043 +0.0000 +0.0000 +0.0000 +0.0000 +0.0000 +0.0000

Joint Velocities (dq) [35]:
  -0.0140 +0.0146 +0.0698 -0.0752 +0.0212 -0.0222 -0.0395 +0.0400 +0.1213 -0.1619 +0.0673 -0.0580 +0.0866 +0.0304 -0.0193 -0.0126 -0.1028 +0.1438 +0.0419 +0.3185 -0.0126 +0.1102 +0.0385 -0.0552 -0.1918 -0.1507 -0.3084 -0.0425 -0.1318 +0.0000 +0.0000 +0.0000 +0.0000 +0.0000 +0.0000

Joint Torques (tau) [35]:
  +2.2498 +3.8745 -4.0933 -0.1722 +7.3618 -0.0195 -0.7139 -3.0692 +1.2391 +5.5053 +16.0284 +0.9702 +0.6538 -0.5827 -2.9997 -1.4138 +1.1514 +0.4963 -0.8382 -0.1449 -0.1575 +0.1686 -2.1255 -1.0350 -0.5067 -1.0452 +0.0644 -0.1985 -0.2772 +0.0000 +0.0000 +0.0000 +0.0000 +0.0000 +0.0000
