Step: 8280
Timestamp: 1779742783.2123625

Joint Positions (q) [35]:
  -0.0366 +0.0187 +0.1569 +0.2455 -0.1899 -0.0003 +0.0638 -0.0920 -0.3671 +0.2344 -0.2570 +0.0411 -0.0120 +0.0452 +0.0079 +0.0174 +0.3377 -0.7176 +1.0939 +0.1872 +0.1609 -0.0863 +0.0319 -0.3200 +0.6567 +1.1709 -0.1899 +0.1795 -0.0212 +0.0000 +0.0000 +0.0000 +0.0000 +0.0000 +0.0000

Joint Velocities (dq) [35]:
  -0.0333 +0.0031 -0.0553 +0.1077 -0.1379 -0.0105 -0.0188 -0.0271 -0.0504 +0.1090 +0.0534 +0.1141 +0.0283 -0.1568 +0.0304 +0.0857 +0.1001 +0.0688 -0.2320 +0.1804 +0.0166 -0.0071 -0.1388 -0.0435 +0.0549 -0.0646 -0.0681 -0.0153 +0.1014 +0.0000 +0.0000 +0.0000 +0.0000 +0.0000 +0.0000

Joint Torques (tau) [35]:
  +7.2140 +6.4514 -2.9786 +4.3830 +16.1725 +0.3682 -6.0159 -4.9627 +0.5386 +1.3128 +16.2540 +0.2141 -0.3261 -1.6727 -3.2748 -1.6255 +2.0662 +0.6075 -0.8522 -0.0188 -0.2000 +0.2101 -1.4077 -1.1560 -0.5506 -0.8575 +0.2190 -0.1940 -0.1438 +0.0000 +0.0000 +0.0000 +0.0000 +0.0000 +0.0000
