Step: 13944
Timestamp: 1779743414.5011437

Joint Positions (q) [35]:
  +0.0305 -0.0489 +0.1209 +0.2262 -0.2540 +0.0582 -0.1521 -0.1813 -0.2971 +0.5545 -0.2573 +0.0339 +0.0278 -0.0854 +0.0172 +0.0008 +0.2916 -0.6800 +1.1757 +0.3596 +0.2080 -0.0509 +0.0031 -0.2546 +0.6335 +1.1787 -0.2505 +0.2236 +0.0073 +0.0000 +0.0000 +0.0000 +0.0000 +0.0000 +0.0000

Joint Velocities (dq) [35]:
  -0.5610 -0.3445 +0.8191 +0.2667 -0.1917 +0.1641 -1.4567 -0.6798 +0.1114 +1.5247 -0.2645 +0.1530 +0.4350 -0.5290 -0.0445 -0.1320 +0.1597 -0.0485 +0.0980 +0.0012 -0.2211 +0.0599 -0.1843 +0.1679 -0.7519 +0.2984 +0.2086 -0.0076 -0.1515 +0.0000 +0.0000 +0.0000 +0.0000 +0.0000 +0.0000

Joint Torques (tau) [35]:
  +0.5895 +17.4041 -6.7552 -5.2395 +7.3347 +0.4194 +2.4260 +1.9643 -0.1300 +12.2853 +15.7023 -0.0898 -2.0904 +2.6732 -3.6430 -2.9069 +0.0307 +0.4688 -1.4491 -0.1374 -0.3924 +0.4242 -2.5168 -1.9358 -0.8122 -1.6229 -0.2247 -0.6838 -1.2816 +0.0000 +0.0000 +0.0000 +0.0000 +0.0000 +0.0000
