Step: 15240
Timestamp: 1779743559.0739455

Joint Positions (q) [35]:
  +0.0247 +0.0307 +0.1110 +0.2181 -0.2327 +0.0074 +0.0015 -0.0630 -0.3003 +0.2123 -0.1871 +0.0051 +0.0234 +0.0139 +0.0039 +0.0206 +0.3211 -0.7075 +1.0762 +0.2741 +0.2054 -0.0522 +0.0473 -0.2785 +0.7052 +1.1464 -0.2686 +0.2247 -0.0566 +0.0000 +0.0000 +0.0000 +0.0000 +0.0000 +0.0000

Joint Velocities (dq) [35]:
  -0.0377 +0.0281 -0.0033 -0.0083 -0.0212 +0.0066 +0.0192 +0.0525 -0.0014 -0.1563 +0.1703 -0.0251 +0.0263 -0.0705 -0.0354 +0.0381 -0.0312 +0.2005 +0.0380 +0.1509 -0.0184 +0.1036 +0.0205 +0.1061 -0.0845 +0.0502 -0.1764 +0.0443 -0.0885 +0.0000 +0.0000 +0.0000 +0.0000 +0.0000 +0.0000

Joint Torques (tau) [35]:
  -2.2142 +3.0397 +0.1038 -1.3520 +11.8116 -0.3965 +2.9001 -0.4313 -0.4411 +4.4709 +14.9385 +1.0463 -0.2925 -1.2882 -2.4129 -2.0505 +0.3557 +0.5819 -1.1515 -0.2949 -0.0969 +0.2450 -1.7298 -0.5456 -0.4027 -1.2113 +0.1836 -0.2615 -0.1662 +0.0000 +0.0000 +0.0000 +0.0000 +0.0000 +0.0000
