Step: 14209
Timestamp: 1779743443.8595014

Joint Positions (q) [35]:
  +0.0329 +0.0001 +0.0397 +0.2218 -0.2267 +0.0246 -0.0651 -0.0809 -0.3128 +0.2481 -0.1307 +0.0058 +0.0081 -0.0017 +0.0061 +0.0402 +0.3288 -0.7245 +1.0678 +0.2595 +0.1934 -0.0158 +0.0451 -0.2911 +0.6952 +1.1209 -0.2704 +0.2052 +0.0240 +0.0000 +0.0000 +0.0000 +0.0000 +0.0000 +0.0000

Joint Velocities (dq) [35]:
  +0.0102 +0.0186 -0.0525 -0.0466 -0.0325 -0.0078 +0.0528 +0.0384 -0.0453 -0.1774 -0.0424 -0.0117 +0.0087 +0.0037 +0.0063 -0.0845 +0.0127 +0.0051 +0.0424 -0.0317 +0.0426 -0.1869 -0.0547 +0.0527 +0.0438 +0.0814 -0.0595 +0.0407 -0.1327 +0.0000 +0.0000 +0.0000 +0.0000 +0.0000 +0.0000

Joint Torques (tau) [35]:
  -8.2099 +6.1933 +1.4362 -7.8980 +7.1073 -0.7269 +9.2234 -0.2035 -0.6166 +5.9162 +10.6933 +0.2159 -0.1642 -0.2200 -1.8953 -2.2045 +0.9037 +0.5868 -1.0549 -0.1109 -0.1887 +0.1330 -1.5554 -1.0707 -0.3332 -0.8239 +0.0440 -0.1125 -0.2192 +0.0000 +0.0000 +0.0000 +0.0000 +0.0000 +0.0000
