Step: 13234
Timestamp: 1779743335.4728076

Joint Positions (q) [35]:
  +0.0723 +0.0407 +0.1086 +0.1949 -0.2251 -0.0091 +0.0246 -0.0818 -0.3612 +0.2238 -0.1881 +0.0231 -0.0030 +0.0110 +0.0024 +0.0151 +0.3033 -0.7082 +1.1088 +0.3230 +0.2012 -0.0764 +0.0589 -0.3011 +0.6569 +1.1105 -0.2652 +0.2035 -0.0434 +0.0000 +0.0000 +0.0000 +0.0000 +0.0000 +0.0000

Joint Velocities (dq) [35]:
  +0.0773 +0.0129 +0.0969 -0.0466 -0.0649 +0.0142 +0.0156 +0.0210 +0.0907 -0.0250 +0.0580 +0.0430 +0.1665 -0.0015 -0.0875 -0.0312 -0.1197 -0.0214 +0.2237 +0.0334 -0.0408 +0.0757 +0.0895 -0.0074 -0.0378 +0.0269 +0.0768 +0.0079 +0.1027 +0.0000 +0.0000 +0.0000 +0.0000 +0.0000 +0.0000

Joint Torques (tau) [35]:
  -3.9225 -0.2696 -1.1190 -2.9290 +6.3616 -0.1767 +2.0706 +0.3157 +0.4426 +4.2262 +18.2409 +0.9911 +0.0088 +0.4512 -0.2276 -1.1719 +1.3540 +0.4135 -0.5599 -0.1875 +0.1448 -0.0433 -0.4253 -0.8050 -0.1337 -0.2107 +0.1469 +0.2330 +0.2726 +0.0000 +0.0000 +0.0000 +0.0000 +0.0000 +0.0000
