Step: 3456
Timestamp: 1779742246.3540156

Joint Positions (q) [35]:
  +0.0921 +0.0490 +0.1941 +0.1709 -0.2354 +0.0026 +0.0136 -0.0671 -0.3111 +0.1811 -0.1339 +0.0124 -0.0266 +0.0060 +0.0024 -0.0127 +0.3048 -0.6789 +1.1456 +0.2994 +0.2006 +0.0404 -0.0106 -0.2944 +0.6415 +1.1154 -0.3684 +0.1729 -0.2518 +0.0000 +0.0000 +0.0000 +0.0000 +0.0000 +0.0000

Joint Velocities (dq) [35]:
  -0.0871 -0.0118 -0.1124 -0.0091 +0.0353 -0.0199 -0.0644 -0.0331 -0.1229 +0.0502 +0.0471 +0.0218 -0.0319 -0.0264 +0.0468 +0.0467 +0.1233 -0.1372 -0.3007 +0.0961 -0.0369 -0.0635 -0.0119 -0.0427 +0.0950 -0.0725 +0.1356 +0.0184 -0.0236 +0.0000 +0.0000 +0.0000 +0.0000 +0.0000 +0.0000

Joint Torques (tau) [35]:
  -4.9396 +4.6562 -0.9413 -3.1322 +12.0564 -0.6079 +4.3915 +2.7628 -0.5509 +9.2138 +18.1701 +0.6297 +0.0018 +3.7158 -0.8194 -1.9004 +0.7509 +0.3956 -1.1270 -0.1697 -0.1656 +0.2054 +0.4519 -0.1295 +0.1352 +0.3586 +0.4588 +0.1977 +1.2768 +0.0000 +0.0000 +0.0000 +0.0000 +0.0000 +0.0000
