Step: 14165
Timestamp: 1779743438.9724658

Joint Positions (q) [35]:
  +0.0553 +0.0102 +0.0234 +0.2072 -0.2238 +0.0122 -0.0385 -0.0704 -0.3294 +0.2356 -0.1372 -0.0021 -0.0070 +0.0280 +0.0106 +0.0058 +0.3169 -0.6966 +1.1249 +0.2553 +0.1716 -0.1130 +0.0379 -0.3000 +0.6516 +1.1619 -0.2410 +0.1695 +0.0320 +0.0000 +0.0000 +0.0000 +0.0000 +0.0000 +0.0000

Joint Velocities (dq) [35]:
  +0.1595 +0.0137 -0.1831 -0.0186 -0.1101 +0.0319 +0.3396 +0.0410 -0.1844 -0.2572 +0.0211 +0.0624 -0.1394 -0.0363 -0.0187 +0.0866 -0.0515 +0.0961 +0.0352 +0.1414 +0.0633 -0.0486 +0.0776 +0.2660 -0.1155 +0.2987 -0.0887 +0.0076 -0.0474 +0.0000 +0.0000 +0.0000 +0.0000 +0.0000 +0.0000

Joint Torques (tau) [35]:
  -5.6193 +4.4052 -0.0041 -4.3542 +7.4030 -0.5092 +7.2137 -1.3929 +0.6792 +4.1733 +9.9357 +0.3404 -0.5966 -0.3258 -2.4552 -1.3727 +1.3646 +0.3784 -0.6823 -0.0576 -0.1195 +0.1329 -0.1270 -0.6002 -0.0760 -0.3613 +0.0738 +0.0054 +0.0629 +0.0000 +0.0000 +0.0000 +0.0000 +0.0000 +0.0000
