Step: 4875
Timestamp: 1779742404.3285851

Joint Positions (q) [35]:
  +0.0662 +0.0582 +0.1869 +0.1797 -0.2305 -0.0150 -0.0846 -0.0594 -0.2970 +0.2072 -0.0880 +0.0122 +0.0030 -0.0038 +0.0116 -0.0159 +0.3494 -0.7176 +1.1040 +0.2267 +0.1815 -0.0133 -0.0149 -0.2955 +0.7197 +1.1881 -0.1802 +0.1916 -0.0428 +0.0000 +0.0000 +0.0000 +0.0000 +0.0000 +0.0000

Joint Velocities (dq) [35]:
  -0.1169 -0.0423 +0.0630 -0.0820 +0.0338 +0.0269 -0.1513 -0.0331 -0.0093 +0.1016 -0.0522 +0.0390 +0.0276 -0.1750 +0.0520 +0.0830 +0.1592 +0.0143 -0.0799 -0.1319 -0.2218 +0.0677 -0.1724 +0.1171 +0.1719 +0.2481 +0.1322 -0.0887 -0.0290 +0.0000 +0.0000 +0.0000 +0.0000 +0.0000 +0.0000

Joint Torques (tau) [35]:
  -8.1228 +0.2210 -1.3792 -5.6685 +8.2612 -0.9311 +10.5816 +4.7107 -1.5344 +9.9176 +13.3174 +0.3733 +1.0977 +0.6047 -2.6827 -0.5769 +1.6985 +0.2527 -0.3980 +0.0437 -0.0069 +0.0856 -1.7313 -1.4084 -0.3677 -0.6963 +0.0485 -0.0911 -0.1366 +0.0000 +0.0000 +0.0000 +0.0000 +0.0000 +0.0000
