Step: 9937
Timestamp: 1779742967.0753167

Joint Positions (q) [35]:
  -0.0987 +0.0095 +0.1663 +0.2648 -0.1723 +0.0233 +0.0500 -0.0603 -0.3583 +0.1927 -0.2306 +0.0051 +0.0068 +0.0718 +0.0048 -0.0023 +0.3030 -0.6837 +1.1275 +0.2262 +0.1635 -0.0338 +0.0214 -0.2904 +0.6461 +1.2182 -0.2669 +0.1844 -0.1066 +0.0000 +0.0000 +0.0000 +0.0000 +0.0000 +0.0000

Joint Velocities (dq) [35]:
  +0.1322 +0.0218 +0.0391 +0.0018 -0.1381 -0.0344 +0.1845 +0.0448 +0.0356 -0.1906 +0.1070 +0.0327 +0.0048 +0.0313 +0.0279 +0.0460 -0.1495 +0.0115 -0.0127 +0.4688 +0.0226 -0.0304 +0.2239 +0.0290 -0.0047 -0.1579 -0.0705 +0.0072 +0.1514 +0.0000 +0.0000 +0.0000 +0.0000 +0.0000 +0.0000

Joint Torques (tau) [35]:
  +4.7256 +9.4082 -3.3832 +2.4928 +13.1918 +0.3859 -3.7918 -11.3177 +1.7654 +0.1759 +13.1238 +0.5468 +0.0999 -0.6320 -2.1762 -0.9060 +1.9592 +0.3773 -0.3909 -0.0083 -0.0109 +0.0984 -0.9346 -0.5820 -0.1696 -0.6946 +0.0335 -0.1456 -0.1100 +0.0000 +0.0000 +0.0000 +0.0000 +0.0000 +0.0000
