Step: 11362
Timestamp: 1779743126.4248486

Joint Positions (q) [35]:
  +0.1111 +0.0665 +0.2257 +0.1793 -0.2735 -0.0220 -0.0784 -0.0375 -0.3211 +0.2330 -0.1325 -0.0124 -0.0046 +0.0201 +0.0076 -0.0081 +0.2767 -0.6533 +1.1318 +0.2770 +0.1958 -0.0015 +0.0358 -0.2631 +0.6741 +1.1738 -0.2968 +0.1992 -0.0521 +0.0000 +0.0000 +0.0000 +0.0000 +0.0000 +0.0000

Joint Velocities (dq) [35]:
  -0.0071 -0.0145 +0.0428 -0.0296 +0.0537 +0.0648 -0.0465 -0.0068 +0.0353 +0.0099 +0.1034 +0.0145 +0.0012 -0.0004 +0.0063 +0.0135 +0.0148 +0.0444 -0.0344 +0.0061 -0.0276 -0.0026 +0.0251 +0.0112 -0.0724 -0.0269 -0.0711 +0.0015 -0.0648 +0.0000 +0.0000 +0.0000 +0.0000 +0.0000 +0.0000

Joint Torques (tau) [35]:
  -8.4791 +3.7458 -1.7682 -3.5275 +11.5749 +0.2002 +10.9172 +0.7958 +0.7269 +10.9159 +22.9808 +0.2027 +0.0415 +0.1558 -2.7875 -1.5619 +0.8196 +0.3132 -1.0842 -0.0376 -0.2414 +0.3238 -1.1563 -0.5458 -0.2785 -0.9254 +0.1132 -0.1772 -0.0708 +0.0000 +0.0000 +0.0000 +0.0000 +0.0000 +0.0000
