Step: 7980
Timestamp: 1779742750.0391989

Joint Positions (q) [35]:
  +0.0062 +0.0475 +0.1575 +0.2001 -0.2015 -0.0126 +0.0272 -0.0789 -0.3571 +0.1943 -0.1732 +0.0614 +0.0184 +0.0127 +0.0077 +0.0039 +0.3197 -0.7437 +1.0984 +0.2420 +0.2009 -0.0143 +0.0256 -0.2998 +0.7318 +1.1287 -0.2630 +0.2199 -0.0535 +0.0000 +0.0000 +0.0000 +0.0000 +0.0000 +0.0000

Joint Velocities (dq) [35]:
  -0.0419 +0.0005 -0.0111 -0.0292 -0.0066 -0.0018 -0.0382 -0.0268 -0.2596 +0.1009 +0.0768 -0.0625 -0.0627 -0.0177 -0.0615 +0.0181 +0.0217 -0.0404 +0.0128 -0.0476 +0.0110 -0.0368 +0.0415 -0.0054 -0.0826 -0.0160 +0.0747 -0.0066 -0.0806 +0.0000 +0.0000 +0.0000 +0.0000 +0.0000 +0.0000

Joint Torques (tau) [35]:
  -1.4915 +2.6457 -1.4904 -1.7899 +11.0698 -0.2270 +5.0634 +2.4718 -0.0138 +10.2480 +17.8891 +0.0969 -0.5385 -0.1534 -3.8891 -1.6646 +0.9725 +0.4991 -1.0160 -0.1317 -0.1966 +0.2315 -0.9506 -0.9138 -0.3861 -0.7500 +0.1432 -0.0949 -0.1906 +0.0000 +0.0000 +0.0000 +0.0000 +0.0000 +0.0000
