Step: 11430
Timestamp: 1779743133.947982

Joint Positions (q) [35]:
  +0.1290 +0.0600 +0.1678 +0.1698 -0.2676 -0.0253 -0.0443 -0.0559 -0.3754 +0.2484 -0.1615 -0.0074 +0.0198 +0.0210 +0.0057 -0.0017 +0.2822 -0.7283 +1.1324 +0.3236 +0.2320 -0.0977 -0.0021 -0.2532 +0.7365 +1.2066 -0.3151 +0.2371 -0.0186 +0.0000 +0.0000 +0.0000 +0.0000 +0.0000 +0.0000

Joint Velocities (dq) [35]:
  +0.0908 +0.0549 +0.1441 -0.0210 -0.0147 -0.0361 -0.0048 +0.0713 +0.1307 +0.0330 +0.0485 -0.0220 +0.0770 +0.0660 +0.0238 +0.0047 -0.0319 -0.1095 -0.0409 -0.0395 +0.0343 -0.0330 +0.0300 -0.0439 -0.0065 -0.0372 +0.0205 +0.0111 +0.0339 +0.0000 +0.0000 +0.0000 +0.0000 +0.0000 +0.0000

Joint Torques (tau) [35]:
  -5.9659 +3.6949 -1.6912 -1.4597 +12.3735 +0.0708 +7.7017 -1.0688 +2.4733 +7.7697 +22.4225 +0.2003 -0.9970 +1.0663 -2.3269 -1.8143 +0.9935 +0.2626 -0.9041 +0.0039 -0.0742 +0.0611 -0.7823 -0.6197 -0.2541 -0.6044 +0.1624 -0.0672 -0.0492 +0.0000 +0.0000 +0.0000 +0.0000 +0.0000 +0.0000
