Step: 11201
Timestamp: 1779743108.3704505

Joint Positions (q) [35]:
  +0.0822 +0.0568 +0.1948 +0.2625 -0.3246 -0.0229 -0.0947 -0.0739 -0.3428 +0.3176 -0.1874 +0.0085 -0.0250 +0.0301 +0.0061 +0.0295 +0.3015 -0.6473 +1.1273 +0.2919 +0.1715 -0.0019 +0.0286 -0.2772 +0.5962 +1.1787 -0.3369 +0.1481 -0.0595 +0.0000 +0.0000 +0.0000 +0.0000 +0.0000 +0.0000

Joint Velocities (dq) [35]:
  +0.1844 -0.0454 -0.0753 -0.4494 +0.2477 +0.0177 +0.2085 +0.0486 -0.0973 -0.4166 +0.1949 +0.0204 -0.0655 +0.0239 -0.0614 -0.0459 -0.0922 -0.1788 +0.1317 +0.0177 +0.1344 +0.1019 +0.0013 +0.0691 +0.0541 +0.1363 -0.0526 -0.0058 -0.0691 +0.0000 +0.0000 +0.0000 +0.0000 +0.0000 +0.0000

Joint Torques (tau) [35]:
  -3.6756 +6.0108 -0.2243 +1.4315 +24.4537 +0.3076 +7.1674 -2.6847 +0.9808 +2.7819 +16.3680 -0.1559 +0.0691 -0.4840 -2.9075 -1.2201 +0.8996 +0.2290 -0.9482 -0.0620 -0.1431 +0.1981 -1.5825 -1.3588 -0.2962 -0.9242 +0.1451 -0.1978 -0.2300 +0.0000 +0.0000 +0.0000 +0.0000 +0.0000 +0.0000
