Step: 6149
Timestamp: 1779742546.3485098

Joint Positions (q) [35]:
  +0.0455 +0.0151 +0.1223 +0.2250 -0.2051 +0.0033 +0.1249 -0.0625 -0.3403 +0.2018 -0.2181 +0.0470 +0.0245 +0.0092 +0.0112 +0.0229 +0.3015 -0.6704 +1.1304 +0.2849 +0.1721 -0.1018 +0.0679 -0.2933 +0.6810 +1.1432 -0.2418 +0.1856 +0.0556 +0.0000 +0.0000 +0.0000 +0.0000 +0.0000 +0.0000

Joint Velocities (dq) [35]:
  -0.0355 -0.0312 +0.0023 -0.0428 +0.0280 +0.0366 -0.0240 -0.0147 +0.0282 -0.0823 +0.1383 +0.0088 -0.0152 +0.0381 +0.1202 -0.1180 -0.0556 -0.1106 +0.0402 +0.1262 +0.0369 +0.0561 -0.2024 -0.1810 +0.0342 -0.0694 -0.0592 -0.1405 +0.1089 +0.0000 +0.0000 +0.0000 +0.0000 +0.0000 +0.0000

Joint Torques (tau) [35]:
  -0.8423 +9.0400 -4.8676 -3.9241 +8.3902 +0.0934 -2.0225 -3.0099 +0.4282 +5.2479 +17.1056 +0.1459 -0.0674 +0.1157 +0.0475 -1.5817 +1.1443 +0.4587 -0.9183 -0.1612 -0.1648 +0.1241 -1.1734 -2.1008 -0.4262 -0.4114 -0.0005 +0.0586 -0.1518 +0.0000 +0.0000 +0.0000 +0.0000 +0.0000 +0.0000
