Step: 10214
Timestamp: 1779742998.295103

Joint Positions (q) [35]:
  +0.1083 +0.0559 +0.1615 +0.1860 -0.2815 -0.0065 -0.1419 -0.0350 -0.2915 +0.2046 -0.0448 -0.0229 +0.0045 +0.0098 +0.0095 -0.0220 +0.2751 -0.6660 +1.1605 +0.2353 +0.2089 +0.0039 +0.0125 -0.2607 +0.7089 +1.1894 -0.2557 +0.2134 -0.0556 +0.0000 +0.0000 +0.0000 +0.0000 +0.0000 +0.0000

Joint Velocities (dq) [35]:
  +0.0584 +0.0564 -0.0207 +0.0915 -0.1216 -0.0264 +0.1320 +0.0538 -0.0310 -0.0648 +0.0314 -0.0742 -0.0241 +0.0660 -0.0309 +0.1113 -0.0551 +0.0783 +0.2427 -0.5420 +0.0697 +0.1989 +0.0138 +0.0841 -0.0554 +0.2023 +0.2685 +0.1320 -0.0914 +0.0000 +0.0000 +0.0000 +0.0000 +0.0000 +0.0000

Joint Torques (tau) [35]:
  -21.5818 -0.2282 +1.1985 -13.7327 +7.8089 -0.5822 +26.7322 +6.6930 -0.6161 +17.3711 +20.5931 +0.5648 +0.4430 +2.3071 -2.1008 +0.0395 +1.5329 +0.2718 -0.1893 -0.2711 +0.1334 +0.0453 -0.1887 -0.5653 -0.2178 -0.6135 +0.2685 -0.0448 -0.0692 +0.0000 +0.0000 +0.0000 +0.0000 +0.0000 +0.0000
