Step: 8353
Timestamp: 1779742791.6407332

Joint Positions (q) [35]:
  -0.0665 +0.0180 +0.1657 +0.2666 -0.1807 +0.0186 +0.0807 -0.0828 -0.3853 +0.1860 -0.2237 +0.0394 +0.0317 +0.0031 +0.0054 +0.0196 +0.3236 -0.6947 +1.0605 +0.2937 +0.2122 -0.0446 +0.0320 -0.2793 +0.6980 +1.1556 -0.2727 +0.2320 -0.0723 +0.0000 +0.0000 +0.0000 +0.0000 +0.0000 +0.0000

Joint Velocities (dq) [35]:
  -0.0076 +0.0751 +0.1113 +0.0544 -0.1036 -0.0262 -0.0113 +0.0658 +0.1196 -0.0956 +0.1707 +0.0144 +0.0369 +0.0893 +0.0051 -0.0006 -0.0649 +0.1565 +0.1104 -0.1186 +0.0272 +0.0830 +0.0806 -0.0511 -0.0915 -0.1068 -0.1103 -0.0287 -0.1610 +0.0000 +0.0000 +0.0000 +0.0000 +0.0000 +0.0000

Joint Torques (tau) [35]:
  +3.8727 +5.1635 -2.6595 -0.5311 +10.5781 -0.0723 -3.6069 -1.0372 +0.4352 +2.1087 +12.0308 +0.8524 -0.5180 +0.3991 -2.5254 -2.0106 +0.3507 +0.5273 -1.4366 -0.2566 -0.3369 +0.2133 -1.3160 -0.5119 -0.3564 -0.9526 +0.1707 -0.1967 -0.2044 +0.0000 +0.0000 +0.0000 +0.0000 +0.0000 +0.0000
