Step: 10545
Timestamp: 1779743034.9632254

Joint Positions (q) [35]:
  +0.1027 +0.0788 +0.1791 +0.1886 -0.2797 -0.0397 -0.0948 -0.0221 -0.2713 +0.2298 -0.1291 -0.0261 -0.0059 +0.0387 +0.0077 -0.0128 +0.2945 -0.7060 +1.1693 +0.1996 +0.2236 -0.0135 -0.0082 -0.2749 +0.6864 +1.2091 -0.2719 +0.1947 -0.0713 +0.0000 +0.0000 +0.0000 +0.0000 +0.0000 +0.0000

Joint Velocities (dq) [35]:
  +0.2393 +0.0194 -0.0441 -0.0876 -0.0186 +0.0352 +0.2641 +0.0482 +0.0105 -0.1721 +0.2339 +0.1148 +0.0859 +0.0505 +0.0860 -0.0154 +0.1059 -0.1076 -0.1167 -0.2224 -0.1028 -0.1463 -0.1636 -0.0220 +0.0589 +0.1219 -0.1849 -0.0823 +0.0257 +0.0000 +0.0000 +0.0000 +0.0000 +0.0000 +0.0000

Joint Torques (tau) [35]:
  -2.0655 -4.1557 -0.3138 +6.5988 +25.1098 -0.4868 +7.0963 -2.0221 +0.7243 +5.7356 +18.1440 +0.4396 +0.2483 -0.2135 -4.1612 -0.5069 +1.7839 +0.3124 -0.2509 -0.0579 +0.0788 +0.0249 -0.9077 -0.9339 -0.2583 -0.6696 +0.0878 -0.0778 -0.1542 +0.0000 +0.0000 +0.0000 +0.0000 +0.0000 +0.0000
