Step: 3804
Timestamp: 1779742285.089134

Joint Positions (q) [35]:
  +0.0682 +0.0667 +0.1730 +0.2065 -0.2437 -0.0263 -0.0060 -0.0544 -0.2633 +0.2318 -0.1896 +0.0113 +0.0121 +0.0187 +0.0024 -0.0077 +0.2993 -0.6731 +1.1129 +0.3283 +0.2192 +0.0192 +0.0328 -0.2662 +0.6902 +1.1719 -0.2942 +0.2220 -0.0885 +0.0000 +0.0000 +0.0000 +0.0000 +0.0000 +0.0000

Joint Velocities (dq) [35]:
  -0.0162 +0.0099 -0.0012 +0.0093 -0.0463 -0.0080 -0.0013 +0.0137 -0.0053 -0.0348 +0.0653 -0.0350 -0.0039 +0.0163 -0.0252 -0.0038 -0.0137 +0.0184 +0.0083 +0.0698 -0.0083 +0.0205 +0.0092 -0.0103 -0.0014 -0.0153 -0.0297 +0.0072 -0.0165 +0.0000 +0.0000 +0.0000 +0.0000 +0.0000 +0.0000

Joint Torques (tau) [35]:
  -3.0017 -1.3365 -0.8912 -1.3266 +11.7697 -0.2108 +4.0988 +3.4477 -1.6609 +7.6528 +22.2836 +1.0642 +0.3605 -0.6208 -2.3219 -1.6341 +0.1892 +0.4638 -1.2928 -0.2811 -0.2915 +0.2292 -1.6089 -0.4693 -0.3001 -1.0298 +0.1202 -0.2012 -0.1400 +0.0000 +0.0000 +0.0000 +0.0000 +0.0000 +0.0000
