Step: 5975
Timestamp: 1779742526.910736

Joint Positions (q) [35]:
  +0.0006 +0.0370 +0.1801 +0.2143 -0.2046 +0.0077 +0.0248 -0.0540 -0.3315 +0.2051 -0.1762 +0.0328 +0.0153 +0.0152 +0.0055 -0.0030 +0.2957 -0.6832 +1.1455 +0.2498 +0.2129 +0.0217 +0.0179 -0.2670 +0.6814 +1.1911 -0.2718 +0.2203 -0.1094 +0.0000 +0.0000 +0.0000 +0.0000 +0.0000 +0.0000

Joint Velocities (dq) [35]:
  -0.0026 -0.0398 -0.0160 -0.1284 +0.0559 -0.0258 -0.0713 -0.0226 +0.0871 -0.0078 +0.1184 +0.0085 +0.0035 +0.0644 +0.0383 -0.1016 -0.0217 -0.1661 +0.1163 -0.1647 -0.0317 -0.0644 +0.0227 -0.1378 +0.0638 -0.1905 +0.0755 +0.0094 +0.1197 +0.0000 +0.0000 +0.0000 +0.0000 +0.0000 +0.0000

Joint Torques (tau) [35]:
  -0.1668 +10.1255 -3.4681 -2.7053 +9.4645 +0.1969 +1.5793 -4.3181 +0.4419 +7.2147 +17.2077 -0.2711 -0.2895 +0.2552 -2.4607 -1.5677 +0.9622 +0.3777 -0.8779 -0.1134 -0.1417 +0.0522 -1.3782 -0.9516 -0.3591 -0.7851 +0.1098 -0.1322 -0.1653 +0.0000 +0.0000 +0.0000 +0.0000 +0.0000 +0.0000
