Step: 13387
Timestamp: 1779743352.2927248

Joint Positions (q) [35]:
  +0.0429 +0.0564 +0.1440 +0.2138 -0.2381 -0.0144 -0.0266 -0.0653 -0.2931 +0.2500 -0.1970 +0.0115 +0.0225 +0.0149 +0.0058 -0.0004 +0.2951 -0.7134 +1.1430 +0.2421 +0.2234 -0.0401 +0.0190 -0.2670 +0.7202 +1.1898 -0.2670 +0.2204 -0.0276 +0.0000 +0.0000 +0.0000 +0.0000 +0.0000 +0.0000

Joint Velocities (dq) [35]:
  +0.0400 +0.0207 +0.1172 +0.0122 -0.0782 +0.0370 -0.0375 +0.0241 +0.1138 +0.0419 +0.0679 -0.0213 +0.0313 +0.0814 +0.0204 -0.0688 -0.1810 +0.0306 +0.2666 -0.0125 +0.0591 +0.1559 -0.0457 -0.0349 -0.0613 +0.0440 -0.0080 -0.0195 -0.1429 +0.0000 +0.0000 +0.0000 +0.0000 +0.0000 +0.0000

Joint Torques (tau) [35]:
  -3.3667 +0.9496 -1.0765 -0.9634 +13.4599 -0.5542 +5.1303 +3.6462 -0.8698 +6.6872 +20.4750 +0.4565 -0.3017 +0.8574 -3.5878 -2.3497 +0.8028 +0.6362 -1.3909 -0.0927 -0.3105 +0.4743 -1.7907 -0.9195 -0.3830 -0.9204 +0.0517 -0.1519 -0.2675 +0.0000 +0.0000 +0.0000 +0.0000 +0.0000 +0.0000
