Step: 4081
Timestamp: 1779742316.1219673

Joint Positions (q) [35]:
  +0.0701 +0.0642 +0.1253 +0.2098 -0.2460 -0.0323 +0.0226 -0.0590 -0.3075 +0.2275 -0.2071 +0.0131 +0.0052 +0.0196 +0.0052 +0.0016 +0.3352 -0.7325 +1.1005 +0.2335 +0.1765 -0.0964 +0.0246 -0.3098 +0.7293 +1.1333 -0.2527 +0.1926 +0.0191 +0.0000 +0.0000 +0.0000 +0.0000 +0.0000 +0.0000

Joint Velocities (dq) [35]:
  +0.0155 +0.0146 -0.0841 +0.0226 -0.0331 -0.0256 +0.0709 +0.0119 -0.0882 -0.0225 +0.0380 -0.0518 -0.0404 -0.0723 +0.0009 -0.0041 +0.0820 -0.0154 -0.0262 -0.0337 -0.0519 -0.1524 +0.0251 -0.0154 +0.0493 -0.0047 +0.2363 -0.0354 +0.1710 +0.0000 +0.0000 +0.0000 +0.0000 +0.0000 +0.0000

Joint Torques (tau) [35]:
  -1.7685 -1.2606 -1.8454 +0.2950 +13.5635 -0.2571 +2.1770 +1.5427 -0.0868 +5.9655 +22.2194 +1.1766 +0.4474 -0.9390 -1.9440 -1.3132 +1.6468 +0.4729 -0.6624 -0.0925 -0.0555 +0.1124 -1.3017 -1.3653 -0.3441 -0.6688 +0.0462 -0.0593 -0.0737 +0.0000 +0.0000 +0.0000 +0.0000 +0.0000 +0.0000
