Step: 1771
Timestamp: 1779742059.0438766

Joint Positions (q) [35]:
  +0.0559 +0.0700 +0.1891 +0.1699 -0.2096 -0.0246 -0.0142 -0.0669 -0.3506 +0.1927 -0.1336 +0.0362 +0.0143 +0.0184 +0.0080 -0.0327 +0.3304 -0.7831 +1.1004 +0.2561 +0.1885 -0.0418 +0.0031 -0.2989 +0.7901 +1.1543 -0.2184 +0.2180 -0.0366 +0.0000 +0.0000 +0.0000 +0.0000 +0.0000 +0.0000

Joint Velocities (dq) [35]:
  +0.0050 +0.0240 +0.0405 -0.0338 -0.0076 -0.0165 -0.0116 +0.0366 +0.0337 -0.0755 +0.2024 -0.0159 +0.0076 +0.0517 +0.0085 -0.0294 -0.0329 -0.0313 +0.0173 +0.0172 +0.0099 +0.0640 +0.0215 -0.0289 -0.0110 -0.0499 -0.0113 +0.0260 -0.0689 +0.0000 +0.0000 +0.0000 +0.0000 +0.0000 +0.0000

Joint Torques (tau) [35]:
  -3.9878 +1.5869 -2.3440 -2.2289 +9.5703 -0.4953 +7.1838 +2.6845 +0.3463 +10.9888 +18.3270 +0.2720 -0.0016 +0.2696 -3.2951 -1.5106 +1.1753 +0.4362 -0.7944 -0.0933 -0.1146 +0.1713 -1.2824 -1.0505 -0.3512 -0.7024 +0.0710 -0.0952 -0.2002 +0.0000 +0.0000 +0.0000 +0.0000 +0.0000 +0.0000
