Step: 8907
Timestamp: 1779742852.870508

Joint Positions (q) [35]:
  +0.0206 +0.0269 +0.1370 +0.2056 -0.2131 +0.0098 -0.0088 -0.0646 -0.3409 +0.1943 -0.1519 +0.0085 +0.0052 +0.0169 +0.0067 +0.0004 +0.3166 -0.7383 +1.0757 +0.3143 +0.2189 -0.0926 +0.0089 -0.2881 +0.6864 +1.1629 -0.2474 +0.2384 -0.0511 +0.0000 +0.0000 +0.0000 +0.0000 +0.0000 +0.0000

Joint Velocities (dq) [35]:
  +0.0854 -0.0417 +0.0722 +0.0429 -0.1566 +0.0160 +0.0002 -0.0703 +0.0377 +0.1293 -0.0119 +0.0769 +0.0431 -0.1669 -0.1020 +0.0914 -0.0585 +0.0896 +0.0672 +0.2296 +0.0894 -0.0294 +0.0230 +0.0312 -0.0760 +0.0930 +0.2649 +0.0035 +0.0959 +0.0000 +0.0000 +0.0000 +0.0000 +0.0000 +0.0000

Joint Torques (tau) [35]:
  -3.0409 +5.0949 -0.7941 -2.7911 +7.0082 -0.1473 +4.3239 -4.9337 +0.9495 +2.5863 +9.0838 +0.4045 +0.2973 -1.5030 -2.8140 -1.5320 +0.7609 +0.3901 -0.9687 -0.1443 -0.1936 +0.0999 -1.9272 -1.1356 -0.3891 -0.9552 +0.0546 -0.1641 -0.1455 +0.0000 +0.0000 +0.0000 +0.0000 +0.0000 +0.0000
