Step: 6795
Timestamp: 1779742618.516556

Joint Positions (q) [35]:
  -0.0948 +0.0058 +0.1732 +0.2672 -0.1663 +0.0296 +0.0793 -0.0749 -0.3823 +0.2073 -0.2362 +0.0566 +0.0394 -0.0033 +0.0107 -0.0264 +0.3323 -0.7384 +1.0959 +0.2438 +0.2088 -0.0642 -0.0004 -0.3082 +0.7548 +1.1396 -0.2191 +0.2298 -0.0648 +0.0000 +0.0000 +0.0000 +0.0000 +0.0000 +0.0000

Joint Velocities (dq) [35]:
  -0.1489 -0.0093 -0.0445 -0.0475 +0.0106 +0.0173 -0.2070 -0.0684 -0.2952 +0.3406 +0.1208 +0.0865 +0.0491 -0.1416 -0.0687 +0.0079 +0.1511 -0.0770 -0.1629 +0.0379 -0.0914 -0.1227 -0.2771 -0.2294 +0.1036 -0.2177 +0.0715 -0.0438 -0.0752 +0.0000 +0.0000 +0.0000 +0.0000 +0.0000 +0.0000

Joint Torques (tau) [35]:
  +7.6805 +4.6062 -3.9246 +0.9052 +9.2377 +0.3383 -5.2401 -4.6051 +0.0874 +4.9017 +21.4474 +0.1829 -0.0021 -1.9878 -4.7906 -2.3470 +1.3084 +0.6500 -1.1960 -0.1229 -0.2356 +0.2450 -2.3947 -1.6719 -0.6195 -1.0491 -0.0017 -0.1656 -0.3747 +0.0000 +0.0000 +0.0000 +0.0000 +0.0000 +0.0000
