Step: 15830
Timestamp: 1779743624.7910209

Joint Positions (q) [35]:
  +0.0554 +0.0240 +0.0324 +0.2128 -0.2453 +0.0021 -0.0716 -0.0913 -0.3459 +0.2784 -0.1642 +0.0084 -0.0160 +0.0459 +0.0110 +0.0167 +0.3138 -0.6988 +1.0933 +0.2699 +0.1983 -0.1337 +0.0564 -0.2950 +0.6489 +1.1599 -0.1830 +0.2043 +0.0361 +0.0000 +0.0000 +0.0000 +0.0000 +0.0000 +0.0000

Joint Velocities (dq) [35]:
  -0.0172 -0.0346 -0.0857 -0.0816 +0.0029 +0.0278 -0.0031 -0.0371 -0.0803 -0.0245 -0.0536 +0.0183 +0.0090 -0.0520 +0.0056 -0.0131 +0.0503 -0.0222 -0.1897 +0.2419 +0.0876 -0.1276 +0.0614 -0.0669 +0.1375 -0.2485 -0.0384 +0.0347 +0.0262 +0.0000 +0.0000 +0.0000 +0.0000 +0.0000 +0.0000

Joint Torques (tau) [35]:
  -6.3608 +2.9342 +0.2565 -4.1362 +10.8580 -0.7735 +7.3966 +1.3936 -0.4333 +4.0722 +15.1672 +0.3153 -0.1652 -1.3532 -2.5708 -2.1122 +1.9152 +0.5516 -1.0043 +0.0349 -0.1962 +0.3134 -1.2737 -1.4487 -0.3397 -0.7190 +0.0650 -0.0933 -0.0436 +0.0000 +0.0000 +0.0000 +0.0000 +0.0000 +0.0000
