Step: 7942
Timestamp: 1779742745.7443554

Joint Positions (q) [35]:
  +0.0173 +0.0469 +0.1785 +0.1982 -0.2078 -0.0053 +0.0240 -0.0832 -0.3722 +0.1880 -0.1640 +0.0560 +0.0322 +0.0049 +0.0076 -0.0025 +0.3088 -0.6980 +1.1316 +0.2293 +0.2177 -0.0066 +0.0221 -0.2721 +0.7131 +1.1787 -0.2507 +0.2255 -0.0959 +0.0000 +0.0000 +0.0000 +0.0000 +0.0000 +0.0000

Joint Velocities (dq) [35]:
  +0.3604 +0.0118 +0.0626 -0.2798 +0.0264 -0.0216 +0.0934 -0.0064 +0.0802 +0.1956 +0.1209 +0.0647 -0.0150 -0.0031 +0.1007 +0.0169 -0.0161 +0.0942 +0.1294 -0.2122 +0.0085 -0.0453 +0.0014 -0.0420 -0.0524 -0.0411 +0.1608 +0.0083 +0.0446 +0.0000 +0.0000 +0.0000 +0.0000 +0.0000 +0.0000

Joint Torques (tau) [35]:
  -2.1514 +4.8554 -2.4532 -0.9861 +14.2383 -0.4826 +6.0057 +2.9788 +0.5397 +10.3879 +16.0875 -0.2276 +0.0919 +0.4153 -3.5514 -0.9308 +0.7606 +0.3163 -0.6949 -0.1230 -0.0951 +0.0389 -0.9478 -1.0109 -0.3155 -0.7366 +0.1199 -0.1283 -0.0517 +0.0000 +0.0000 +0.0000 +0.0000 +0.0000 +0.0000
