Step: 14068
Timestamp: 1779743428.0802553

Joint Positions (q) [35]:
  +0.0401 +0.0054 +0.0361 +0.2120 -0.2327 +0.0262 -0.0789 -0.0813 -0.3506 +0.1999 -0.0740 +0.0047 +0.0204 -0.0060 +0.0090 +0.0052 +0.2995 -0.7116 +1.1410 +0.2690 +0.2059 -0.0496 +0.0219 -0.2795 +0.7099 +1.1697 -0.2282 +0.2050 -0.0098 +0.0000 +0.0000 +0.0000 +0.0000 +0.0000 +0.0000

Joint Velocities (dq) [35]:
  +0.0398 -0.0248 -0.0229 +0.2635 -0.2437 +0.0710 +0.0792 -0.0604 -0.0052 +0.1724 -0.1784 +0.0698 +0.0122 +0.0471 -0.0553 +0.1749 -0.0542 +0.1409 -0.0720 +0.1293 -0.0310 -0.0021 +0.1744 -0.1463 -0.1983 -0.2275 +0.2224 +0.0444 +0.1175 +0.0000 +0.0000 +0.0000 +0.0000 +0.0000 +0.0000

Joint Torques (tau) [35]:
  -11.4218 +1.3443 +0.1319 -9.0272 +3.5179 -0.4811 +14.9419 +0.2073 +1.6574 +8.5738 +10.4081 +0.7697 -0.2651 +0.2324 -3.4426 -1.9008 +1.2071 +0.5333 -0.9367 -0.1523 -0.1667 +0.2638 -1.3345 -1.4500 -0.3405 -0.6969 +0.0352 -0.1179 -0.1338 +0.0000 +0.0000 +0.0000 +0.0000 +0.0000 +0.0000
