Step: 1267
Timestamp: 1779742002.863855

Joint Positions (q) [35]:
  +0.0623 +0.0796 +0.1715 +0.1802 -0.2331 -0.0258 -0.0351 -0.0687 -0.3319 +0.2089 -0.1175 +0.0411 +0.0043 +0.0180 +0.0089 -0.0174 +0.3184 -0.7391 +1.1033 +0.2918 +0.2006 -0.0411 +0.0221 -0.2791 +0.7146 +1.1629 -0.2604 +0.2235 -0.0330 +0.0000 +0.0000 +0.0000 +0.0000 +0.0000 +0.0000

Joint Velocities (dq) [35]:
  +0.0828 +0.0269 +0.1211 -0.0131 -0.0447 -0.0203 +0.0009 +0.0429 +0.1767 -0.0157 +0.1767 +0.0154 +0.0159 +0.0664 -0.0091 -0.0034 -0.0694 +0.1597 +0.0706 +0.0829 +0.0272 +0.0295 -0.0017 +0.0416 -0.0238 +0.0865 -0.0431 +0.0552 -0.0655 +0.0000 +0.0000 +0.0000 +0.0000 +0.0000 +0.0000

Joint Torques (tau) [35]:
  -6.0895 +0.0864 -0.8895 -2.5965 +11.5947 -0.5682 +9.8359 +5.6227 -0.6202 +12.2684 +17.9284 +0.1585 -0.0155 +0.0143 -3.6297 -2.1223 +0.6970 +0.7508 -1.2927 -0.3819 -0.2546 +0.2053 -1.1711 -0.6091 -0.2919 -0.7448 +0.1825 -0.1089 -0.1165 +0.0000 +0.0000 +0.0000 +0.0000 +0.0000 +0.0000
