Step: 3617
Timestamp: 1779742264.3447404

Joint Positions (q) [35]:
  +0.0669 +0.0499 +0.1574 +0.2010 -0.2151 -0.0094 +0.0188 -0.0737 -0.3538 +0.1862 -0.1359 +0.0115 -0.0166 +0.0005 +0.0001 -0.0039 +0.3401 -0.7171 +1.1029 +0.2771 +0.1763 -0.0280 +0.0034 -0.3267 +0.6855 +1.0875 -0.3029 +0.1491 -0.2132 +0.0000 +0.0000 +0.0000 +0.0000 +0.0000 +0.0000

Joint Velocities (dq) [35]:
  -0.0807 -0.0016 -0.0869 +0.0786 -0.0893 +0.0231 -0.0015 -0.0070 -0.0833 -0.0223 +0.0596 -0.0040 -0.1297 +0.0764 -0.0411 +0.0734 +0.2009 +0.1210 -0.1643 -0.1953 +0.1551 +0.0766 +0.0496 -0.0082 -0.0903 -0.0743 -0.1164 +0.0546 -0.0580 +0.0000 +0.0000 +0.0000 +0.0000 +0.0000 +0.0000

Joint Torques (tau) [35]:
  -4.4699 +3.1012 -3.5713 -5.3449 +7.3191 -0.5443 +2.2347 +1.1653 -0.1014 +5.3870 +14.0612 +0.5101 +0.2113 +4.2793 +0.4460 -1.8422 +0.0320 +0.1296 -1.4077 +0.0053 -0.3673 +0.1186 +0.0093 -0.1108 +0.2420 +0.4320 +0.2962 +0.3346 +1.1921 +0.0000 +0.0000 +0.0000 +0.0000 +0.0000 +0.0000
